281.697
285.006
288.208
291.303
294.289
297.165
299.931
302.585
305.126
307.552
309.864
312.06
314.139
316.1
317.943
319.667
321.27
322.754
324.116
325.356
326.475
327.471
328.344
329.093
329.719
330.221
330.599
330.853
330.982
330.987
330.867
330.624
330.256
329.763
329.147
328.408
327.545
326.559
325.45
324.219
322.867
321.393
319.799
318.085
316.251
314.299
312.23
310.043
307.741
305.323
302.791
300.147
297.39
294.522
291.544
288.458
285.264
281.965
278.56
275.052
271.442
267.732
263.922
260.015
256.012
251.914
247.724
243.443
239.072
234.613
230.069
225.441
220.73
215.94
211.07
206.125
201.105
196.012
190.85
185.618
180.321
174.959
169.536
164.052
158.512
152.915
147.266
141.565
135.816
130.021
124.181
118.3
112.38
106.423
100.431
94.4065
88.3527
82.2715
76.1654
70.0369
63.8883
57.7222
51.541
45.3472
39.1432
32.9316
26.7148
20.4953
14.2756
8.05825
1.84564
-4.35971
-10.5553
-16.7387
-22.9074
-29.0589
-35.1908
-41.3006
-47.386
-53.4443
-59.4733
-65.4705
-71.4335
-77.3599
-83.2474
-89.0936
-94.8961
-100.653
-106.361
-112.019
-117.624
-123.174
-128.666
-134.1
-139.471
-144.779
-150.021
-155.195
-160.299
-165.33
-170.288
-175.169
-179.973
-184.696
-189.337
-193.895
-198.367
-202.752
-207.048
-211.253
-215.366
-219.384
-223.306
-227.132
-230.858
-234.484
-238.008
-241.43
-244.746
-247.957
-251.06
-254.055
-256.94
-259.715
-262.378
-264.928
-267.363
-269.684
-271.889
-273.978
-275.948
-277.801
-279.534
-281.147
-282.64
-284.012
-285.262
-286.39
-287.396
-288.279
-289.038
-289.674
-290.186
-290.573
-290.837
-290.976
-290.991
-290.881
-290.648
-290.289
-289.807
-289.201
-288.471
-287.618
-286.642
-285.543
-284.322
-282.979
-281.515
-279.93
-278.225
-276.402
-274.459
-272.399
-270.222
-267.928
-265.52
-262.997
-260.361
-257.613
-254.754
-251.785
-248.708
-245.523
-242.231
-238.835
-235.335
-231.734
-228.031
-224.229
-220.33
-216.334
-212.244
-208.061
-203.787
-199.423
-194.972
-190.434
-185.812
-181.108
-176.324
-171.461
-166.521
-161.507
-156.421
-151.263
-146.037
-140.745
-135.389
-129.97
-124.491
-118.955
-113.363
-107.717
-102.021
-96.2756
-90.4839
-84.6479
-78.77
-72.8527
-66.8982
-60.909
-54.8874
-48.8358
-42.7567
-36.6525
-30.5257
-24.3786
-18.2138
-12.0337
-5.8408
0.362442
6.57354
12.79
19.0094
25.2291
31.4468
37.6599
43.8659
50.0624
56.2468
62.4168
68.5697
74.7033
80.815
86.9023
92.9629
98.9943
104.994
110.96
116.889
122.78
128.63
134.436
140.196
145.908
151.57
157.18
162.734
168.231
173.669
179.046
184.359
189.606
194.785
199.895
204.932
209.896
214.783
219.593
224.323
228.971
233.535
238.015
242.406
246.709
250.922
255.042
259.067
262.998
266.831
270.565
274.199
277.732
281.161
284.486
287.705
290.817
293.821
296.715
299.498
302.17
304.729
307.174
309.504
311.718
313.816
315.796
317.657
319.4
321.023
322.526
323.907
325.167
326.305
327.32
328.213
328.982
329.628
330.149
330.547
330.82
330.97
330.994
330.895
330.671
330.323
329.85
329.254
328.534
327.69
326.724
325.635
324.423
323.09
321.636
320.061
318.366
316.551
314.618
312.567
310.399
308.115
305.716
303.202
300.575
297.836
294.986
292.026
288.957
285.78
282.497
279.109
275.618
272.024
268.329
264.536
260.644
256.656
252.573
248.397
244.13
239.774
235.329
230.798
226.183
221.486
216.708
211.851
206.918
201.909
196.828
191.676
186.456
181.169
175.817
170.404
164.93
159.398
153.81
148.169
142.476
136.735
130.947
125.114
119.24
113.325
107.374
101.387
95.368
89.3188
83.2418
77.1395
71.0144
64.8688
58.7053
52.5264
46.3344
40.1319
33.9213
27.7052
21.4859
15.2661
9.04821
2.83467
-3.372
-9.56932
-15.7548
-21.926
-28.0804
-34.2156
-40.3291
-46.4185
-52.4813
-58.5151
-64.5176
-70.4862
-76.4186
-82.3124
-88.1653
-93.975
-99.7391
-105.455
-111.121
-116.735
-122.294
-127.796
-133.238
-138.62
-143.938
-149.191
-154.375
-159.49
-164.534
-169.503
-174.397
-179.213
-183.949
-188.604
-193.175
-197.661
-202.06
-206.37
-210.59
-214.717
-218.75
-222.688
-226.529
-230.271
-233.913
-237.454
-240.892
-244.225
-247.452
-250.573
-253.585
-256.488
-259.281
-261.961
-264.529
-266.983
-269.322
-271.546
-273.653
-275.642
-277.513
-279.266
-280.898
-282.41
-283.802
-285.071
-286.219
-287.244
-288.146
-288.925
-289.581
-290.112
-290.52
-290.803
-290.962
-290.997
-290.907
-290.693
-290.355
-289.892
-289.306
-288.596
-287.762
-286.805
-285.726
-284.524
-283.201
-281.756
-280.19
-278.505
-276.7
-274.776
-272.735
-270.576
-268.301
-265.911
-263.407
-260.789
-258.059
-255.217
-252.266
-249.205
-246.037
-242.763
-239.383
-235.9
-232.314
-228.627
-224.841
-220.957
-216.977
-212.902
-208.733
-204.474
-200.124
-195.686
-191.162
-186.554
-181.863
-177.091
-172.241
-167.313
-162.311
-157.235
-152.089
-146.874
-141.592
-136.246
-130.837
-125.368
-119.84
-114.257
-108.62
-102.931
-97.1938
-91.4093
-85.5802
-79.7089
-73.7977
-67.849
-61.8651
-55.8485
-49.8015
-43.7267
-37.6263
-31.5029
-25.3589
-19.1967
-13.0189
-6.82788
-0.62611
5.58391
11.7997
18.0188
24.2386
30.4568
36.6707
42.8781
49.0762
55.2627
61.4352
67.591
73.7278
79.8432
85.9345
91.9996
98.0358
104.041
110.012
115.948
121.845
127.701
133.514
139.282
145.002
150.672
156.29
161.853
167.36
172.807
178.194
183.517
188.775
193.965
199.086
204.135
209.11
214.01
218.832
223.575
228.236
232.814
237.307
241.713
246.03
250.257
254.392
258.433
262.378
266.227
269.977
273.627
277.176
280.622
283.963
287.199
290.328
293.349
296.261
299.062
301.752
304.329
306.792
309.14
311.373
313.489
315.488
317.369
319.131
320.773
322.294
323.695
324.975
326.132
327.167
328.079
328.868
329.533
330.074
330.492
330.785
330.954
330.999
330.919
330.715
330.386
329.934
329.357
328.657
327.833
326.886
325.816
324.624
323.311
321.875
320.32
318.644
316.848
314.934
312.902
310.752
308.487
306.106
303.61
301.001
298.28
295.447
292.505
289.453
286.293
283.027
279.656
276.181
272.603
268.925
265.146
261.27
257.297
253.23
249.069
244.816
240.474
236.043
231.526
226.924
222.24
217.474
212.63
207.708
202.712
197.642
192.502
187.292
182.015
176.674
171.27
165.805
160.283
154.704
149.071
143.386
137.652
131.872
126.046
120.178
114.27
108.324
102.343
96.3287
90.2841
84.2114
78.113
71.9913
65.8489
59.6881
53.5114
47.3213
41.1203
34.9109
28.6954
22.4766
16.2567
10.0383
3.82388
-2.38405
-8.58303
-14.7706
-20.9442
-27.1015
-33.2399
-39.357
-45.4504
-51.5176
-57.5562
-63.5638
-69.5379
-75.4763
-81.3764
-87.236
-93.0527
-98.8242
-104.548
-110.222
-115.844
-121.412
-126.923
-132.376
-137.767
-143.095
-148.358
-153.554
-158.681
-163.735
-168.717
-173.623
-178.451
-183.2
-187.868
-192.453
-196.952
-201.365
-205.69
-209.924
-214.066
-218.114
-222.067
-225.924
-229.682
-233.34
-236.897
-240.351
-243.701
-246.946
-250.083
-253.113
-256.033
-258.843
-261.542
-264.128
-266.6
-268.958
-271.2
-273.325
-275.333
-277.223
-278.995
-280.646
-282.178
-283.588
-284.877
-286.044
-287.089
-288.011
-288.809
-289.485
-290.036
-290.463
-290.766
-290.945
-291
-290.93
-290.736
-290.417
-289.974
-289.408
-288.717
-287.903
-286.966
-285.906
-284.724
-283.42
-281.994
-280.448
-278.781
-276.995
-275.091
-273.068
-270.928
-268.671
-266.3
-263.813
-261.213
-258.501
-255.677
-252.743
-249.7
-246.549
-243.291
-239.928
-236.461
-232.892
-229.221
-225.451
-221.582
-217.617
-213.557
-209.403
-205.158
-200.823
-196.399
-191.889
-187.294
-182.616
-177.857
-173.018
-168.103
-163.112
-158.049
-152.914
-147.709
-142.438
-137.102
-131.703
-126.243
-120.724
-115.15
-109.521
-103.841
-98.1108
-92.3336
-86.5115
-80.6467
-74.7417
-68.7988
-62.8204
-56.8088
-50.7665
-44.6959
-38.5995
-32.4796
-26.3387
-20.1793
-14.0038
-7.81468
-1.61445
4.59442
10.8094
17.0282
23.248
29.4666
35.6815
41.89
48.0898
54.2783
60.4532
66.6118
72.7518
78.8707
84.9661
91.0355
97.0764
103.087
109.063
115.005
120.908
126.771
132.591
138.366
144.094
149.772
155.399
160.971
166.486
171.944
177.34
182.673
187.942
193.143
198.275
203.336
208.323
213.235
218.07
222.825
227.499
232.091
236.597
241.017
245.349
249.59
253.739
257.795
261.756
265.62
269.386
273.053
276.618
280.08
283.438
286.691
289.837
292.876
295.805
298.624
301.331
303.926
306.407
308.774
311.025
313.16
315.178
317.077
318.858
320.519
322.06
323.48
324.779
325.956
327.01
327.942
328.75
329.435
329.997
330.434
330.747
330.936
331
330.94
330.756
330.447
330.014
329.457
328.777
327.972
327.045
325.995
324.822
323.528
322.112
320.575
318.918
317.142
315.247
313.233
311.102
308.855
306.493
304.015
301.424
298.721
295.906
292.981
289.946
286.804
283.555
280.2
276.741
273.18
269.517
265.755
261.894
257.936
253.884
249.738
245.499
241.171
236.754
232.251
227.663
222.991
218.238
213.407
208.497
203.513
198.454
193.325
188.126
182.86
177.529
172.135
166.68
161.166
155.596
149.971
144.295
138.569
132.795
126.977
121.115
115.213
109.273
103.298
97.2887
91.2488
85.1803
79.0859
72.9677
66.8284
60.6704
54.4961
48.308
42.1085
35.9003
29.6856
23.4671
17.2472
11.0285
4.81325
-1.39588
-7.59645
-13.786
-19.962
-26.122
-32.2636
-38.3843
-44.4816
-50.5532
-56.5965
-62.6092
-68.5888
-74.533
-80.4394
-86.3056
-92.1293
-97.9081
-103.64
-109.322
-114.953
-120.529
-126.049
-131.511
-136.913
-142.251
-147.525
-152.731
-157.869
-162.935
-167.928
-172.847
-177.687
-182.449
-187.13
-191.728
-196.241
-200.668
-205.007
-209.255
-213.412
-217.476
-221.444
-225.316
-229.09
-232.764
-236.337
-239.808
-243.175
-246.436
-249.591
-252.638
-255.576
-258.403
-261.12
-263.723
-266.214
-268.59
-270.85
-272.994
-275.021
-276.93
-278.721
-280.391
-281.942
-283.372
-284.68
-285.867
-286.931
-287.872
-288.69
-289.385
-289.956
-290.404
-290.726
-290.925
-290.999
-290.949
-290.775
-290.476
-290.053
-289.506
-288.835
-288.041
-287.123
-286.083
-284.92
-283.636
-282.229
-280.702
-279.055
-277.288
-275.402
-273.398
-271.276
-269.039
-266.685
-264.217
-261.635
-258.94
-256.134
-253.218
-250.192
-247.058
-243.817
-240.471
-237.02
-233.467
-229.813
-226.058
-222.205
-218.255
-214.21
-210.071
-205.84
-201.519
-197.109
-192.613
-188.031
-183.366
-178.62
-173.794
-168.891
-163.912
-158.86
-153.736
-148.543
-143.282
-137.956
-132.567
-127.116
-121.607
-116.041
-110.421
-104.749
-99.0267
-93.2568
-87.4417
-81.5835
-75.6848
-69.7477
-63.7748
-57.7684
-51.7308
-45.6646
-39.5721
-33.4557
-27.318
-21.1614
-14.9883
-8.80119
-2.60258
3.60508
9.8193
16.0376
22.2575
28.4764
34.692
40.9017
47.1031
53.2936
59.4707
65.6321
71.7753
77.8977
83.997
90.0707
96.1163
102.132
108.114
114.061
119.97
125.84
131.667
137.45
143.185
148.871
154.506
160.087
165.612
171.079
176.485
181.828
187.107
192.319
197.462
202.534
207.534
212.458
217.305
222.073
226.76
231.365
235.885
240.319
244.665
248.92
253.085
257.156
261.132
265.012
268.793
272.475
276.057
279.535
282.91
286.18
289.343
292.399
295.346
298.182
300.907
303.52
306.02
308.405
310.675
312.828
314.864
316.783
318.582
320.263
321.823
323.262
324.58
325.777
326.85
327.802
328.63
329.335
329.915
330.372
330.705
330.914
330.998
330.958
330.793
330.504
330.091
329.554
328.893
328.109
327.201
326.17
325.017
323.742
322.346
320.828
319.19
317.433
315.556
313.562
311.45
309.221
306.877
304.417
301.845
299.159
296.362
293.454
290.437
287.311
284.079
280.741
277.299
273.754
270.107
266.361
262.515
258.573
254.536
250.404
246.181
241.866
237.464
232.974
228.399
223.741
219.001
214.181
209.284
204.311
199.265
194.147
188.959
183.703
178.382
172.998
167.553
162.048
156.487
150.871
145.202
139.484
133.718
127.906
122.052
116.156
110.222
104.252
98.2478
92.2127
86.1486
80.0581
73.9436
67.8075
61.6523
55.4804
49.2943
43.0966
36.8895
30.6757
24.4577
18.2378
12.0187
5.80277
-0.407489
-6.60959
-12.801
-18.9794
-25.1421
-31.2868
-37.411
-43.5122
-49.588
-55.636
-61.6537
-67.6388
-73.5888
-79.5013
-85.3741
-91.2047
-96.9909
-102.73
-108.42
-114.059
-119.645
-125.174
-130.645
-136.056
-141.405
-146.689
-151.907
-157.055
-162.133
-167.138
-172.068
-176.922
-181.696
-186.39
-191.001
-195.528
-199.969
-204.322
-208.585
-212.756
-216.835
-220.819
-224.706
-228.496
-232.186
-235.775
-239.262
-242.645
-245.924
-249.095
-252.16
-255.115
-257.96
-260.694
-263.316
-265.825
-268.219
-270.498
-272.661
-274.706
-276.634
-278.443
-280.133
-281.703
-283.152
-284.48
-285.686
-286.769
-287.73
-288.568
-289.283
-289.874
-290.341
-290.683
-290.902
-290.996
-290.966
-290.811
-290.532
-290.129
-289.602
-288.95
-288.176
-287.278
-286.257
-285.114
-283.848
-282.461
-280.953
-279.325
-277.577
-275.71
-273.725
-271.622
-269.403
-267.068
-264.618
-262.054
-259.377
-256.589
-253.69
-250.681
-247.564
-244.34
-241.011
-237.577
-234.04
-230.401
-226.663
-222.825
-218.891
-214.861
-210.737
-206.52
-202.213
-197.817
-193.335
-188.766
-184.115
-179.381
-174.568
-169.677
-164.71
-159.669
-154.557
-149.374
-144.124
-138.808
-133.429
-127.988
-122.488
-116.932
-111.32
-105.656
-99.9413
-94.1788
-88.3707
-82.5193
-76.6269
-70.6958
-64.7284
-58.7271
-52.6944
-46.6325
-40.5441
-34.4314
-28.2969
-22.1431
-15.9725
-9.78742
-3.59047
2.61591
8.82925
15.0471
21.2668
27.4861
33.7024
39.9132
46.1161
52.3084
58.4879
64.652
70.7982
76.9241
83.0272
89.1052
95.1554
101.176
107.163
113.116
119.032
124.908
130.742
136.532
142.275
147.969
153.612
159.202
164.736
170.212
175.628
180.982
186.271
191.494
196.648
201.731
206.742
211.679
216.538
221.319
226.019
230.637
235.171
239.619
243.979
248.249
252.428
256.514
260.505
264.4
268.198
271.896
275.493
278.988
282.38
285.666
288.847
291.92
294.884
297.738
300.481
303.112
305.629
308.033
310.321
312.493
314.548
316.485
318.304
320.003
321.582
323.041
324.378
325.594
326.688
327.658
328.506
329.231
329.831
330.308
330.661
330.889
330.993
330.973
330.828
330.559
330.165
329.648
329.007
328.242
327.354
326.343
325.209
323.954
322.576
321.078
319.459
317.721
315.863
313.887
311.794
309.584
307.258
304.817
302.262
299.594
296.815
293.924
290.925
287.816
284.601
281.28
277.854
274.325
270.695
266.964
263.134
259.207
255.185
251.068
246.859
242.56
238.171
233.695
229.133
224.488
219.761
214.954
210.069
205.108
200.073
194.966
189.79
184.545
179.234
173.86
168.424
162.929
157.376
151.769
146.109
140.398
134.639
128.835
122.987
117.098
111.169
105.205
99.2062
93.1759
87.1163
81.0298
74.919
68.7861
62.6338
56.4644
50.2804
44.0843
37.8786
31.6657
25.4482
19.2285
13.0091
6.79244
0.581108
-5.62246
-11.8158
-17.9964
-24.1618
-30.3095
-36.4371
-42.5421
-48.6221
-54.6747
-60.6974
-66.6878
-72.6436
-78.5623
-84.4415
-90.279
-96.0724
-101.819
-107.518
-113.165
-118.759
-124.297
-129.778
-135.199
-140.558
-145.852
-151.08
-156.24
-161.329
-166.346
-171.288
-176.154
-180.941
-185.648
-190.273
-194.813
-199.268
-203.635
-207.912
-212.098
-216.192
-220.191
-224.094
-227.899
-231.605
-235.21
-238.714
-242.114
-245.409
-248.597
-251.679
-254.652
-257.515
-260.267
-262.906
-265.433
-267.845
-270.143
-272.324
-274.389
-276.335
-278.163
-279.872
-281.461
-282.929
-284.276
-285.502
-286.605
-287.586
-288.443
-289.177
-289.788
-290.275
-290.637
-290.875
-290.989
-290.979
-290.844
-290.585
-290.201
-289.694
-289.062
-288.307
-287.429
-286.428
-285.304
-284.058
-282.69
-281.202
-279.593
-277.864
-276.016
-274.049
-271.965
-269.764
-267.447
-265.015
-262.47
-259.811
-257.04
-254.159
-251.167
-248.068
-244.861
-241.548
-238.131
-234.61
-230.988
-227.265
-223.443
-219.524
-215.509
-211.4
-207.198
-202.905
-198.523
-194.054
-189.499
-184.861
-180.14
-175.34
-170.461
-165.506
-160.477
-155.376
-150.204
-144.965
-139.659
-134.29
-128.859
-123.368
-117.82
-112.217
-106.561
-100.855
-95.0997
-89.2987
-83.454
-77.568
-71.6429
-65.6811
-59.6851
-53.6572
-47.5998
-41.5154
-35.4064
-29.2753
-23.1244
-16.9563
-10.7733
-4.57813
1.62692
7.83932
14.0566
20.2762
26.4957
32.7127
38.9245
45.1288
51.323
57.5047
63.6714
69.8206
75.9499
82.0568
88.1389
94.1938
100.219
106.212
112.171
118.092
123.975
129.816
135.613
141.363
147.066
152.717
158.315
163.858
169.344
174.769
180.133
185.433
190.666
195.832
200.927
205.949
210.897
215.769
220.563
225.276
229.907
234.455
238.916
243.29
247.575
251.768
255.869
259.876
263.786
267.599
271.313
274.927
278.438
281.847
285.15
288.347
291.437
294.419
297.291
300.051
302.7
305.236
307.658
309.964
312.155
314.228
316.184
318.022
319.74
321.339
322.817
324.174
325.409
326.522
327.512
328.379
329.123
329.744
330.24
330.613
330.861
330.985
330.984
330.859
330.61
330.236
329.739
329.117
328.372
327.504
326.512
325.398
324.162
322.804
321.325
319.725
318.006
316.167
314.21
312.135
309.943
307.636
305.213
302.676
300.027
297.265
294.392
291.41
288.319
285.12
281.816
278.407
274.894
271.28
267.565
263.751
259.839
255.832
251.73
247.536
243.25
238.876
234.413
229.865
225.233
220.519
215.725
210.852
205.903
200.88
195.785
190.619
185.384
180.084
174.72
169.294
163.808
158.264
152.665
147.014
141.311
135.56
129.762
123.921
118.038
112.116
106.157
100.164
94.1383
88.0832
82.0009
75.8937
69.7642
63.6149
57.448
51.2662
45.0719
38.8675
32.6556
26.4386
20.2191
13.9995
7.78224
1.5699
-4.63507
-10.8302
-17.013
-23.1809
-29.3316
-35.4626
-41.5714
-47.6556
-53.7127
-59.7403
-65.736
-71.6974
-77.6222
-83.5079
-89.3522
-95.1528
-100.907
-106.613
-112.269
-117.872
-123.419
-128.909
-134.34
-139.708
-145.013
-150.252
-155.423
-160.524
-165.552
-170.506
-175.384
-180.184
-184.904
-189.542
-194.096
-198.564
-202.945
-207.237
-211.438
-215.546
-219.56
-223.478
-227.299
-231.021
-234.643
-238.163
-241.579
-244.891
-248.097
-251.195
-254.186
-257.066
-259.836
-262.493
-265.038
-267.469
-269.785
-271.985
-274.068
-276.033
-277.88
-279.608
-281.216
-282.703
-284.07
-285.315
-286.438
-287.438
-288.315
-289.069
-289.699
-290.205
-290.588
-290.846
-290.979
-290.989
-290.874
-290.634
-290.271
-289.783
-289.171
-288.436
-287.577
-286.595
-285.491
-284.265
-282.916
-281.447
-279.857
-278.147
-276.318
-274.37
-272.305
-270.122
-267.824
-265.41
-262.883
-260.242
-257.489
-254.625
-251.651
-248.569
-245.379
-242.083
-238.682
-235.178
-231.571
-227.864
-224.058
-220.154
-216.155
-212.06
-207.873
-203.595
-199.227
-194.772
-190.231
-185.605
-180.898
-176.11
-171.243
-166.3
-161.283
-156.193
-151.033
-145.804
-140.509
-135.149
-129.728
-124.247
-118.708
-113.113
-107.465
-101.767
-96.0194
-90.2256
-84.3877
-78.5081
-72.589
-66.633
-60.6422
-54.6193
-48.5664
-42.4862
-36.3809
-30.2531
-24.1052
-17.9397
-11.759
-5.56553
0.638116
6.84951
13.0662
19.2856
25.5053
31.7228
37.9356
44.1413
50.3373
56.5211
62.6904
68.8425
74.9752
81.0858
87.172
93.2314
99.2614
105.26
111.224
117.152
123.041
128.888
134.693
140.451
146.161
151.82
157.427
162.979
168.474
173.909
179.283
184.593
189.837
195.014
200.12
205.154
210.114
214.999
219.805
224.531
229.175
233.736
238.211
242.599
246.898
251.107
255.222
259.244
263.17
266.999
270.729
274.358
277.886
281.311
284.631
287.845
290.953
293.951
296.841
299.619
302.286
304.84
307.28
309.605
311.814
313.906
315.881
317.737
319.475
321.092
322.589
323.966
325.22
326.353
327.363
328.25
329.013
329.653
330.17
330.562
330.83
330.973
330.993
330.887
330.658
330.304
329.826
329.224
328.499
327.65
326.678
325.584
324.367
323.028
321.568
319.988
318.288
316.468
314.53
312.473
310.3
308.011
305.607
303.088
300.456
297.712
294.857
291.892
288.818
285.637
282.349
278.957
275.46
271.862
268.163
264.365
260.469
256.477
252.39
248.21
243.939
239.578
235.13
230.595
225.977
221.275
216.494
211.634
206.697
201.685
196.601
191.446
186.223
180.933
175.578
170.162
164.685
159.151
153.561
147.917
142.222
136.479
130.689
124.854
118.978
113.062
107.109
101.121
95.1
89.0495
82.9713
76.868
70.7419
64.5955
58.4312
52.2516
46.0591
39.8562
33.6453
27.429
21.2097
14.9899
8.77217
2.55888
-3.64742
-9.84428
-16.0292
-22.1997
-28.3533
-34.4876
-40.6001
-46.6883
-52.7499
-58.7824
-64.7833
-70.7504
-76.6811
-82.5732
-88.4243
-94.232
-99.994
-105.708
-111.372
-116.983
-122.539
-128.039
-133.479
-138.857
-144.173
-149.422
-154.604
-159.716
-164.756
-169.722
-174.613
-179.425
-184.158
-188.809
-193.376
-197.858
-202.253
-206.559
-210.775
-214.898
-218.927
-222.861
-226.697
-230.435
-234.073
-237.609
-241.042
-244.37
-247.593
-250.709
-253.717
-256.615
-259.402
-262.078
-264.641
-267.089
-269.424
-271.642
-273.744
-275.728
-277.594
-279.341
-280.968
-282.475
-283.86
-285.125
-286.267
-287.287
-288.183
-288.957
-289.607
-290.133
-290.535
-290.813
-290.966
-290.996
-290.9
-290.681
-290.337
-289.869
-289.277
-288.561
-287.722
-286.76
-285.675
-284.468
-283.139
-281.689
-280.118
-278.427
-276.617
-274.688
-272.641
-270.478
-268.198
-265.802
-263.293
-260.67
-257.935
-255.088
-252.132
-249.067
-245.894
-242.615
-239.231
-235.743
-232.152
-228.461
-224.671
-220.783
-216.798
-212.719
-208.546
-204.282
-199.929
-195.487
-190.96
-186.347
-181.653
-176.877
-172.023
-167.093
-162.087
-157.008
-151.859
-146.641
-141.356
-136.007
-130.595
-125.124
-119.594
-114.008
-108.368
-102.678
-96.9379
-91.1514
-85.3204
-79.4472
-73.5343
-67.5839
-61.5986
-55.5806
-49.5323
-43.4563
-37.3548
-31.2305
-25.0856
-18.9227
-12.7442
-6.55268
-0.350493
5.85983
12.0758
18.295
24.5148
30.7328
36.9466
43.1535
49.3512
55.5372
61.7089
67.864
73.9999
80.1142
86.2045
92.2682
98.3031
104.307
110.277
116.21
122.105
127.96
133.771
139.537
145.255
150.923
156.538
162.099
167.603
173.048
178.431
183.752
189.007
194.194
199.312
204.357
209.33
214.226
219.045
223.784
228.441
233.015
237.504
241.906
246.22
250.442
254.573
258.61
262.551
266.395
270.141
273.787
277.331
280.772
284.109
287.341
290.465
293.481
296.388
299.184
301.869
304.441
306.899
309.242
311.47
313.581
315.574
317.45
319.206
320.843
322.359
323.755
325.029
326.18
327.21
328.117
328.9
329.56
330.096
330.508
330.795
330.959
330.998
330.913
330.703
330.369
329.911
329.329
328.623
327.794
326.841
325.766
324.569
323.249
321.809
320.248
318.566
316.766
314.846
312.809
310.654
308.383
305.997
303.497
300.883
298.157
295.319
292.371
289.315
286.151
282.88
279.504
276.024
272.442
268.759
264.976
261.096
257.119
253.047
248.882
244.625
240.279
235.844
231.323
226.718
222.03
217.261
212.413
207.488
202.488
197.415
192.272
187.059
181.78
176.435
171.029
165.561
160.036
154.455
148.819
143.133
137.397
131.614
125.786
119.916
114.007
108.059
102.076
96.0609
90.015
83.9411
77.8416
71.719
65.5756
59.4141
53.2368
47.0462
40.8447
34.635
28.4193
22.2003
15.9805
9.76221
3.54804
-2.65954
-8.85807
-15.045
-21.218
-27.3745
-33.512
-39.6281
-45.7204
-51.7864
-57.8237
-63.8298
-69.8024
-75.7391
-81.6375
-87.4953
-93.31
-99.0794
-104.801
-110.473
-116.093
-121.658
-127.167
-132.616
-138.005
-143.331
-148.591
-153.783
-158.907
-163.958
-168.936
-173.839
-178.664
-183.409
-188.073
-192.654
-197.15
-201.559
-205.88
-210.11
-214.248
-218.292
-222.241
-226.093
-229.847
-233.5
-237.053
-240.502
-243.847
-247.087
-250.22
-253.245
-256.16
-258.966
-261.659
-264.24
-266.707
-269.06
-271.296
-273.417
-275.42
-277.305
-279.071
-280.717
-282.243
-283.648
-284.932
-286.093
-287.132
-288.049
-288.842
-289.512
-290.058
-290.479
-290.777
-290.95
-290.999
-290.924
-290.724
-290.4
-289.952
-289.38
-288.684
-287.864
-286.922
-285.856
-284.668
-283.359
-281.928
-280.376
-278.705
-276.913
-275.003
-272.975
-270.83
-268.569
-266.192
-263.7
-261.095
-258.378
-255.549
-252.61
-249.562
-246.406
-243.144
-239.777
-236.305
-232.731
-229.056
-225.281
-221.408
-217.439
-213.375
-209.217
-204.967
-200.628
-196.2
-191.686
-187.088
-182.406
-177.643
-172.802
-167.883
-162.889
-157.822
-152.684
-147.477
-142.202
-136.863
-131.461
-125.999
-120.478
-114.901
-109.27
-103.587
-97.8553
-92.076
-86.2519
-80.3853
-74.4786
-68.534
-62.5541
-56.5411
-50.4975
-44.4257
-38.3282
-32.2073
-26.0655
-19.9054
-13.7292
-7.53956
-1.3389
4.8703
11.0855
17.3044
23.5242
29.7427
35.9573
42.1655
48.3649
54.5528
60.727
66.8849
73.024
79.1419
85.2362
91.3044
97.344
103.353
109.328
115.268
121.169
127.03
132.849
138.622
144.347
150.023
155.647
161.217
166.73
172.185
177.578
182.909
188.174
193.372
198.501
203.559
208.543
213.451
218.282
223.034
227.705
232.293
236.795
241.211
245.539
249.776
253.921
257.973
261.93
265.79
269.551
273.213
276.773
280.231
283.585
286.833
289.975
293.008
295.932
298.746
301.449
304.039
306.515
308.876
311.123
313.252
315.265
317.159
318.934
320.59
322.126
323.54
324.834
326.005
327.054
327.98
328.783
329.463
330.019
330.45
330.758
330.941
331
330.934
330.745
330.43
329.992
329.43
328.743
327.934
327.001
325.946
324.768
323.468
322.046
320.504
318.842
317.06
315.16
313.141
311.005
308.753
306.385
303.903
301.307
298.598
295.778
292.848
289.809
286.662
283.408
280.049
276.585
273.019
269.352
265.585
261.72
257.759
253.702
249.551
245.309
240.977
236.556
232.049
227.457
222.782
218.026
213.19
208.277
203.289
198.228
193.096
187.894
182.625
177.291
171.894
166.436
160.92
155.347
149.72
144.042
138.314
132.538
126.717
120.854
114.95
109.009
103.032
97.0211
90.9799
84.9102
78.8146
72.6955
66.5553
60.3965
54.2216
48.0329
41.833
35.6244
29.4096
23.1909
16.971
10.7524
4.53737
-1.67143
-7.87157
-14.0605
-20.2359
-26.3952
-32.5359
-38.6556
-44.7518
-50.8222
-56.8642
-62.8754
-68.8535
-74.7961
-80.7008
-86.5651
-92.3869
-98.1637
-103.893
-109.573
-115.201
-120.775
-126.293
-131.752
-137.151
-142.487
-147.757
-152.961
-158.095
-163.159
-168.148
-173.063
-177.901
-182.659
-187.336
-191.93
-196.44
-200.863
-205.197
-209.442
-213.595
-217.654
-221.618
-225.486
-229.255
-232.925
-236.494
-239.96
-243.322
-246.578
-249.728
-252.77
-255.704
-258.526
-261.238
-263.836
-266.322
-268.693
-270.948
-273.087
-275.109
-277.012
-278.797
-280.463
-282.008
-283.432
-284.735
-285.916
-286.975
-287.911
-288.724
-289.413
-289.979
-290.42
-290.738
-290.931
-291
-290.944
-290.764
-290.46
-290.031
-289.479
-288.803
-288.003
-287.08
-286.034
-284.866
-283.576
-282.164
-280.632
-278.979
-277.207
-275.315
-273.306
-271.18
-268.936
-266.578
-264.105
-261.518
-258.818
-256.007
-253.086
-250.055
-246.916
-243.671
-240.32
-236.865
-233.307
-229.648
-225.889
-222.032
-218.078
-214.028
-209.885
-205.65
-201.325
-196.911
-192.411
-187.826
-183.157
-178.407
-173.578
-168.671
-163.689
-158.634
-153.507
-148.31
-143.047
-137.718
-132.326
-126.873
-121.361
-115.793
-110.17
-104.496
-98.7714
-92.9995
-87.1824
-81.3224
-75.4219
-69.4832
-63.5088
-57.5009
-51.462
-45.3946
-39.3009
-33.1836
-27.045
-20.8876
-14.7138
-8.52615
-2.32708
3.88092
10.0954
16.3138
22.5337
28.7525
34.9679
41.1773
47.3782
53.5682
59.7447
65.9053
72.0476
78.1691
84.2673
90.3398
96.3841
102.398
108.379
114.324
120.232
126.1
131.925
137.705
143.439
149.123
154.755
160.334
165.856
171.32
176.723
182.064
187.34
192.549
197.689
202.758
207.754
212.675
217.518
222.283
226.967
231.568
236.084
240.514
244.856
249.107
253.267
257.334
261.306
265.182
268.959
272.637
276.213
279.687
283.058
286.323
289.481
292.532
295.474
298.306
301.026
303.634
306.128
308.508
310.773
312.921
314.952
316.865
318.659
320.334
321.889
323.323
324.636
325.827
326.895
327.841
328.664
329.363
329.938
330.39
330.717
330.92
330.999
330.953
330.783
330.489
330.07
329.527
328.861
328.071
327.158
326.122
324.963
323.683
322.281
320.758
319.115
317.352
315.47
313.47
311.353
309.119
306.77
304.306
301.728
299.037
296.235
293.322
290.3
287.17
283.933
280.591
277.144
273.594
269.943
266.192
262.342
258.396
254.354
250.219
245.991
241.673
237.266
232.772
228.194
223.532
218.788
213.965
209.065
204.089
199.039
193.918
188.727
183.468
178.145
172.757
167.309
161.802
156.238
150.62
144.95
139.229
133.461
127.647
121.791
115.893
109.957
103.986
97.9805
91.944
85.8787
79.7871
73.6716
67.5346
61.3786
55.206
49.0193
42.8211
36.6137
30.3997
24.1815
17.9616
11.7426
5.52685
-0.683102
-6.88478
-13.0757
-19.2534
-25.4154
-31.5592
-37.6824
-43.7826
-49.8572
-55.9039
-61.9202
-67.9037
-73.8521
-79.763
-85.6339
-91.4626
-97.2467
-102.984
-108.672
-114.309
-119.891
-125.418
-130.887
-136.295
-141.641
-146.922
-152.137
-157.282
-162.357
-167.359
-172.286
-177.135
-181.906
-186.597
-191.204
-195.727
-200.164
-204.513
-208.772
-212.94
-217.014
-220.993
-224.877
-228.662
-232.347
-235.932
-239.415
-242.793
-246.067
-249.234
-252.293
-255.244
-258.084
-260.813
-263.43
-265.934
-268.323
-270.597
-272.754
-274.795
-276.717
-278.521
-280.205
-281.77
-283.213
-284.536
-285.736
-286.815
-287.77
-288.603
-289.312
-289.897
-290.358
-290.696
-290.909
-290.997
-290.961
-290.801
-290.517
-290.108
-289.575
-288.919
-288.138
-287.235
-286.209
-285.06
-283.789
-282.397
-280.884
-279.25
-277.497
-275.625
-273.634
-271.526
-269.301
-266.961
-264.506
-261.937
-259.256
-256.462
-253.558
-250.545
-247.423
-244.195
-240.861
-237.422
-233.88
-230.237
-226.494
-222.652
-218.714
-214.679
-210.551
-206.331
-202.02
-197.62
-193.133
-188.561
-183.906
-179.169
-174.352
-169.458
-164.488
-159.444
-154.328
-149.143
-143.89
-138.571
-133.189
-127.745
-122.243
-116.684
-111.069
-105.403
-99.6864
-93.9219
-88.1118
-82.2585
-76.3643
-70.4315
-64.4626
-58.4599
-52.4258
-46.3627
-40.2731
-34.1594
-28.024
-21.8694
-15.6981
-9.51246
-3.31504
2.8917
9.10529
15.3232
21.5431
27.7623
33.9784
40.1889
46.3913
52.5832
58.762
64.9253
71.0707
77.1956
83.2977
89.3744
95.4234
101.442
107.429
113.38
119.294
125.168
131
136.788
142.529
148.221
153.862
159.449
164.98
170.454
175.867
181.218
186.504
191.724
196.875
201.956
206.963
211.896
216.752
221.529
226.226
230.84
235.37
239.814
244.17
248.436
252.611
256.693
260.68
264.571
268.364
272.058
275.65
279.141
282.528
285.81
288.986
292.054
295.013
297.862
300.6
303.226
305.738
308.137
310.42
312.587
314.636
316.568
318.382
320.076
321.65
323.103
324.435
325.645
326.733
327.699
328.541
329.26
329.855
330.326
330.673
330.896
330.995
330.969
330.819
330.544
330.145
329.622
328.975
328.205
327.312
326.295
325.156
323.895
322.512
321.009
319.385
317.641
315.778
313.797
311.698
309.483
307.152
304.706
302.146
299.473
296.689
293.793
290.789
287.676
284.456
281.13
277.7
274.166
270.531
266.796
262.962
259.031
255.004
250.883
246.67
242.367
237.974
233.494
228.929
224.28
219.549
214.739
209.851
204.886
199.848
194.738
189.558
184.31
178.997
173.62
168.181
162.683
157.128
151.518
145.856
140.143
134.383
128.576
122.726
116.835
110.905
104.939
98.9391
92.9074
86.8465
80.7589
74.6471
68.5133
62.3602
56.1901
50.0055
43.8089
37.6028
31.3897
25.172
18.9523
12.7329
6.51648
0.305438
-5.89772
-12.0905
-18.2705
-24.4352
-30.582
-36.7087
-42.8127
-48.8915
-54.9428
-60.9641
-66.9531
-72.9072
-78.8242
-84.7017
-90.5372
-96.3286
-102.073
-107.769
-113.414
-119.006
-124.542
-130.02
-135.438
-140.794
-146.086
-151.311
-156.468
-161.554
-166.567
-171.506
-176.368
-181.152
-185.855
-190.476
-195.013
-199.464
-203.826
-208.1
-212.282
-216.371
-220.366
-224.265
-228.065
-231.767
-235.368
-238.867
-242.262
-245.552
-248.737
-251.813
-254.781
-257.639
-260.386
-263.021
-265.543
-267.95
-270.242
-272.418
-274.477
-276.419
-278.242
-279.945
-281.529
-282.992
-284.333
-285.553
-286.651
-287.626
-288.478
-289.207
-289.812
-290.293
-290.65
-290.883
-290.991
-290.975
-290.835
-290.57
-290.181
-289.668
-289.031
-288.271
-287.387
-286.38
-285.251
-284
-282.627
-281.133
-279.518
-277.784
-275.931
-273.959
-271.87
-269.664
-267.342
-264.905
-262.354
-259.69
-256.914
-254.028
-251.032
-247.928
-244.716
-241.399
-237.977
-234.451
-230.824
-227.097
-223.271
-219.347
-215.328
-211.215
-207.009
-202.713
-198.327
-193.854
-189.295
-184.653
-179.929
-175.125
-170.243
-165.284
-160.252
-155.148
-149.973
-144.731
-139.422
-134.05
-128.616
-123.123
-117.573
-111.967
-106.309
-100.6
-94.8431
-89.0401
-83.1935
-77.3057
-71.3789
-65.4156
-59.4181
-53.3888
-47.3302
-41.2446
-35.1346
-29.0025
-22.8508
-16.682
-10.4985
-4.30276
1.90266
8.11533
14.3327
20.5524
26.7719
32.9887
39.2002
45.4041
51.5978
57.7789
63.9449
70.0933
76.2216
82.3275
88.4084
94.462
100.486
106.477
112.434
118.354
124.235
130.074
135.869
141.618
147.318
152.967
158.563
164.103
169.586
175.009
180.37
185.667
190.897
196.059
201.151
206.171
211.115
215.984
220.774
225.484
230.111
234.655
239.112
243.482
247.763
251.952
256.049
260.051
263.958
267.766
271.476
275.085
278.592
281.996
285.294
288.487
291.572
294.549
297.416
300.171
302.815
305.346
307.762
310.064
312.249
314.318
316.269
318.101
319.814
321.407
322.88
324.231
325.461
326.568
327.553
328.415
329.154
329.769
330.26
330.626
330.869
330.987
330.981
330.851
330.596
330.217
329.714
329.087
328.336
327.462
326.465
325.346
324.104
322.741
321.256
319.651
317.927
316.083
314.12
312.04
309.843
307.531
305.103
302.561
299.906
297.14
294.262
291.275
288.179
284.976
281.667
278.253
274.736
271.117
267.397
263.579
259.663
255.652
251.546
247.347
243.058
238.679
234.213
229.661
225.026
220.308
215.51
210.634
205.682
200.655
195.557
190.388
185.151
179.847
174.48
169.051
163.563
158.017
152.415
146.761
141.056
135.303
129.504
123.661
117.776
111.852
105.892
99.8969
93.87
87.8137
81.7302
75.622
69.4916
63.3413
57.1738
50.9914
44.7965
38.5918
32.3796
26.1625
19.9429
13.7233
7.50624
1.29418
-4.91041
-11.105
-17.2872
-23.4545
-29.6044
-35.7344
-41.8421
-47.9252
-53.981
-60.0072
-66.0015
-71.9613
-77.8844
-83.7683
-89.6107
-95.4093
-101.162
-106.866
-112.519
-118.119
-123.664
-129.151
-134.579
-139.945
-145.247
-150.483
-155.651
-160.748
-165.774
-170.724
-175.599
-180.395
-185.112
-189.746
-194.296
-198.761
-203.138
-207.425
-211.622
-215.726
-219.736
-223.65
-227.467
-231.184
-234.801
-238.316
-241.728
-245.035
-248.237
-251.33
-254.316
-257.191
-259.956
-262.609
-265.149
-267.574
-269.885
-272.08
-274.157
-276.118
-277.959
-279.682
-281.285
-282.767
-284.128
-285.367
-286.485
-287.479
-288.351
-289.099
-289.724
-290.225
-290.602
-290.854
-290.982
-290.986
-290.866
-290.621
-290.252
-289.758
-289.141
-288.4
-287.536
-286.549
-285.439
-284.207
-282.854
-281.379
-279.784
-278.068
-276.234
-274.281
-272.21
-270.023
-267.719
-265.3
-262.768
-260.122
-257.364
-254.495
-251.517
-248.429
-245.235
-241.934
-238.529
-235.02
-231.409
-227.697
-223.887
-219.979
-215.975
-211.876
-207.685
-203.403
-199.031
-194.572
-190.027
-185.398
-180.687
-175.895
-171.025
-166.079
-161.058
-155.965
-150.802
-145.57
-140.272
-134.91
-129.486
-124.002
-118.46
-112.864
-107.213
-101.513
-95.7631
-89.9673
-84.1275
-78.2461
-72.3253
-66.3677
-60.3754
-54.3511
-48.297
-42.2156
-36.1093
-29.9805
-23.8318
-17.6655
-11.4842
-5.29024
0.913804
7.12548
13.3423
19.5618
25.7815
31.9988
38.2114
44.4166
50.6122
56.7954
62.964
69.1153
75.247
81.3566
87.4417
93.4998
99.5285
105.525
111.488
117.414
123.301
129.147
134.949
140.705
146.413
152.071
157.675
163.225
168.717
174.149
179.52
184.827
190.069
195.242
200.345
205.376
210.333
215.214
220.016
224.739
229.38
233.937
238.408
242.792
247.087
251.291
255.403
259.42
263.342
267.166
270.892
274.517
278.04
281.46
284.776
287.986
291.088
294.082
296.966
299.74
302.402
304.95
307.385
309.705
311.909
313.996
315.966
317.817
319.549
321.161
322.653
324.024
325.273
326.4
327.405
328.286
329.044
329.679
330.19
330.576
330.839
330.977
330.991
330.88
330.645
330.286
329.802
329.195
328.464
327.61
326.632
325.532
324.31
322.966
321.501
319.915
318.209
316.384
314.441
312.379
310.201
307.907
305.497
302.974
300.337
297.588
294.728
291.758
288.679
285.493
282.201
278.804
275.303
271.7
267.997
264.194
260.293
256.297
252.206
248.022
243.747
239.383
234.93
230.392
225.77
221.065
216.28
211.416
206.476
201.461
196.373
191.216
185.989
180.696
175.339
169.92
164.441
158.904
153.311
147.665
141.968
136.223
130.43
124.594
118.716
112.798
106.843
100.854
94.8319
88.7801
82.7008
76.5964
70.4693
64.3221
58.1571
51.9769
45.7839
39.5806
33.3694
27.1529
20.9335
14.7138
8.49614
2.28311
-3.92283
-10.1192
-16.3035
-22.4733
-28.6262
-34.7595
-40.871
-46.9581
-53.0184
-59.0496
-65.0491
-71.0146
-76.9436
-82.8339
-88.6831
-94.4888
-100.249
-105.961
-111.622
-117.231
-122.785
-128.281
-133.719
-139.095
-144.407
-149.654
-154.833
-159.941
-164.978
-169.941
-174.828
-179.637
-184.366
-189.013
-193.577
-198.055
-202.446
-206.748
-210.96
-215.079
-219.104
-223.033
-226.865
-230.599
-234.232
-237.764
-241.192
-244.516
-247.734
-250.845
-253.848
-256.741
-259.523
-262.194
-264.752
-267.196
-269.525
-271.738
-273.834
-275.813
-277.674
-279.416
-281.037
-282.539
-283.919
-285.178
-286.315
-287.329
-288.22
-288.988
-289.633
-290.154
-290.55
-290.822
-290.97
-290.994
-290.893
-290.668
-290.319
-289.845
-289.248
-288.527
-287.682
-286.714
-285.624
-284.412
-283.077
-281.622
-280.046
-278.349
-276.534
-274.6
-272.548
-270.379
-268.094
-265.693
-263.179
-260.551
-257.811
-254.959
-251.998
-248.928
-245.751
-242.467
-239.078
-235.585
-231.991
-228.295
-224.5
-220.608
-216.619
-212.535
-208.359
-204.091
-199.733
-195.288
-190.756
-186.141
-181.442
-176.664
-171.806
-166.872
-161.863
-156.781
-151.629
-146.408
-141.12
-135.768
-130.354
-124.879
-119.347
-113.759
-108.117
-102.424
-96.6819
-90.8934
-85.0604
-79.1855
-73.2708
-67.3189
-61.332
-55.3126
-49.2631
-43.1859
-37.0833
-30.958
-24.8123
-18.6487
-12.4695
-6.27746
-0.0748605
6.13577
12.3519
18.5712
24.791
31.0089
37.2224
43.429
49.6262
55.8116
61.9826
68.1369
74.2719
80.3852
86.4743
92.5369
98.5704
104.573
110.541
116.473
122.366
128.219
134.028
139.792
145.508
151.173
156.786
162.344
167.846
173.288
178.669
183.987
189.238
194.423
199.537
204.58
209.549
214.442
219.257
223.992
228.646
233.217
237.702
242.1
246.409
250.628
254.754
258.787
262.724
266.564
270.305
273.946
277.486
280.923
284.255
287.482
290.601
293.613
296.514
299.306
301.985
304.552
307.005
309.343
311.566
313.672
315.66
317.53
319.281
320.913
322.424
323.814
325.082
326.229
327.253
328.154
328.932
329.586
330.117
330.523
330.805
330.963
330.997
330.906
330.691
330.351
329.887
329.3
328.589
327.754
326.796
325.715
324.513
323.188
321.742
320.176
318.489
316.683
314.758
312.716
310.556
308.28
305.889
303.383
300.764
298.033
295.191
292.238
289.177
286.008
282.732
279.352
275.867
272.281
268.593
264.806
260.921
256.94
252.864
248.695
244.434
240.084
235.645
231.12
226.511
221.82
217.047
212.196
207.268
202.264
197.189
192.042
186.826
181.544
176.197
170.787
165.317
159.789
154.205
148.568
142.879
137.141
131.356
125.526
119.655
113.743
107.794
101.81
95.7931
89.7459
83.6708
77.5702
71.4466
65.3024
59.1401
52.9621
46.771
40.5691
34.359
28.1432
21.9241
15.7043
9.48615
3.27222
-2.93502
-9.13308
-15.3195
-21.4918
-27.6475
-33.7841
-39.8992
-45.9904
-52.0551
-58.0911
-64.0958
-70.0668
-76.0019
-81.8985
-87.7544
-93.5672
-99.3345
-105.054
-110.724
-116.341
-121.904
-127.41
-132.857
-138.243
-143.566
-148.823
-154.012
-159.132
-164.181
-169.156
-174.055
-178.876
-183.618
-188.279
-192.856
-197.348
-201.753
-206.069
-210.295
-214.429
-218.469
-222.414
-226.262
-230.011
-233.66
-237.208
-240.653
-243.993
-247.229
-250.357
-253.377
-256.287
-259.088
-261.776
-264.352
-266.814
-269.161
-271.393
-273.508
-275.506
-277.386
-279.146
-280.787
-282.308
-283.707
-284.986
-286.142
-287.176
-288.087
-288.874
-289.539
-290.079
-290.495
-290.787
-290.955
-290.999
-290.918
-290.712
-290.383
-289.929
-289.351
-288.65
-287.825
-286.877
-285.806
-284.613
-283.298
-281.862
-280.305
-278.628
-276.831
-274.916
-272.882
-270.732
-268.465
-266.083
-263.587
-260.977
-258.255
-255.421
-252.477
-249.424
-246.264
-242.997
-239.625
-236.148
-232.57
-228.89
-225.111
-221.234
-217.26
-213.192
-209.03
-204.777
-200.433
-196.002
-191.484
-186.881
-182.196
-177.43
-172.585
-167.663
-162.666
-157.595
-152.454
-147.244
-141.967
-136.625
-131.22
-125.755
-120.232
-114.652
-109.019
-103.334
-97.5996
-91.8183
-85.9923
-80.1239
-74.2154
-68.2692
-62.2877
-56.2734
-50.2285
-44.1555
-38.0569
-31.935
-25.7924
-19.6314
-13.4546
-7.26441
-1.06332
5.1462
11.3617
17.5806
23.8004
30.0188
36.2332
42.441
48.6399
54.8273
61.0008
67.1579
73.2962
79.4131
85.5062
91.5732
97.6115
103.619
109.593
115.531
121.43
127.29
133.106
138.877
144.601
150.274
155.896
161.463
166.974
172.425
177.816
183.144
188.407
193.602
198.727
203.782
208.762
213.667
218.495
223.243
227.911
232.494
236.993
241.405
245.729
249.962
254.103
258.151
262.103
265.959
269.716
273.373
276.929
280.382
283.731
286.975
290.112
293.14
296.06
298.869
301.566
304.151
306.622
308.979
311.22
313.344
315.351
317.24
319.01
320.661
322.191
323.6
324.888
326.054
327.098
328.019
328.816
329.49
330.04
330.467
330.769
330.946
331
330.929
330.733
330.413
329.97
329.402
328.71
327.895
326.957
325.896
324.712
323.407
321.981
320.433
318.766
316.978
315.073
313.049
310.908
308.65
306.277
303.79
301.189
298.475
295.651
292.716
289.671
286.519
283.261
279.897
276.429
272.859
269.187
265.416
261.546
257.58
253.519
249.365
245.119
240.782
236.358
231.847
227.251
222.572
217.812
212.974
208.058
203.066
198.002
192.866
187.661
182.389
177.052
171.653
166.192
160.674
155.098
149.469
143.788
138.058
132.28
126.458
120.593
114.687
108.744
102.765
96.7535
90.7109
84.6401
78.5434
72.4233
66.2822
60.1226
53.947
47.7578
41.5575
35.3485
29.1335
22.9147
16.6948
10.4763
4.2615
-1.94697
-8.14666
-14.3351
-20.5098
-26.6683
-32.8081
-38.9268
-45.022
-51.0911
-57.1318
-63.1416
-69.1182
-75.0591
-80.9621
-86.8246
-92.6444
-98.4191
-104.147
-109.824
-115.45
-121.022
-126.537
-131.993
-137.389
-142.722
-147.99
-153.19
-158.322
-163.382
-168.368
-173.28
-178.114
-182.868
-187.542
-192.132
-196.638
-201.057
-205.388
-209.628
-213.777
-217.832
-221.792
-225.655
-229.42
-233.086
-236.65
-240.111
-243.468
-246.72
-249.866
-252.903
-255.831
-258.649
-261.355
-263.949
-266.43
-268.795
-271.045
-273.179
-275.196
-277.094
-278.874
-280.534
-282.074
-283.493
-284.79
-285.966
-287.019
-287.95
-288.757
-289.441
-290.001
-290.437
-290.749
-290.937
-291
-290.939
-290.753
-290.444
-290.01
-289.452
-288.77
-287.964
-287.036
-285.985
-284.811
-283.516
-282.099
-280.561
-278.903
-277.125
-275.229
-273.214
-271.082
-268.834
-266.47
-263.992
-261.4
-258.696
-255.88
-252.953
-249.918
-246.774
-243.524
-240.169
-236.709
-233.147
-229.483
-225.72
-221.858
-217.9
-213.846
-209.699
-205.46
-201.131
-196.713
-192.209
-187.62
-182.948
-178.194
-173.362
-168.452
-163.466
-158.408
-153.278
-148.078
-142.811
-137.48
-132.085
-126.629
-121.115
-115.544
-109.92
-104.243
-98.5161
-92.7421
-86.9231
-81.0612
-75.159
-69.2187
-63.2427
-57.2334
-51.1932
-45.1245
-39.0298
-32.9114
-26.772
-20.6138
-14.4393
-8.25109
-2.05157
4.15677
10.3715
16.59
22.8099
29.0286
35.2438
41.4529
47.6533
53.8428
60.0186
66.1785
72.3199
78.4404
84.5375
90.6088
96.6518
102.664
108.644
114.587
120.493
126.359
132.183
137.961
143.692
149.374
155.004
160.58
166.1
171.561
176.962
182.3
187.573
192.779
197.916
202.981
207.974
212.891
217.732
222.493
227.173
231.77
236.283
240.709
245.046
249.294
253.45
257.513
261.48
265.351
269.124
272.798
276.37
279.839
283.205
286.465
289.619
292.665
295.602
298.429
301.144
303.747
306.236
308.611
310.871
313.014
315.039
316.947
318.736
320.406
321.955
323.384
324.691
325.877
326.94
327.88
328.697
329.391
329.961
330.407
330.729
330.926
331
330.948
330.773
330.473
330.049
329.5
328.829
328.033
327.114
326.073
324.909
323.623
322.216
320.688
319.039
317.271
315.384
313.379
311.256
309.017
306.663
304.194
301.611
298.915
296.108
293.19
290.164
287.029
283.787
280.44
276.988
273.434
269.779
266.023
262.169
258.218
254.172
250.033
245.801
241.479
237.068
232.571
227.988
223.323
218.576
213.749
208.846
203.866
198.813
193.689
188.495
183.233
177.907
172.517
167.066
161.556
155.99
150.369
144.697
138.974
133.204
127.388
121.53
115.63
109.693
103.72
97.7131
91.6752
85.6087
79.516
73.3995
67.2616
61.1048
54.9315
48.7443
42.5456
36.3379
30.1236
23.9053
17.6854
11.4665
5.25094
-0.958699
-7.15995
-13.3503
-19.5274
-25.6886
-31.8316
-37.9538
-44.0529
-50.1263
-56.1717
-62.1866
-68.1687
-74.1154
-80.0246
-85.8937
-91.7205
-97.5025
-103.238
-108.923
-114.558
-120.138
-125.662
-131.128
-136.534
-141.877
-147.155
-152.367
-157.509
-162.581
-167.579
-172.503
-177.349
-182.116
-186.803
-191.407
-195.926
-200.359
-204.704
-208.959
-213.122
-217.193
-221.168
-225.047
-228.827
-232.509
-236.089
-239.567
-242.941
-246.21
-249.372
-252.427
-255.372
-258.208
-260.932
-263.544
-266.042
-268.426
-270.695
-272.847
-274.882
-276.8
-278.598
-280.277
-281.836
-283.275
-284.592
-285.787
-286.86
-287.81
-288.637
-289.34
-289.92
-290.376
-290.708
-290.915
-290.998
-290.957
-290.791
-290.501
-290.087
-289.549
-288.887
-288.101
-287.192
-286.16
-285.006
-283.73
-282.332
-280.814
-279.175
-277.416
-275.539
-273.543
-271.43
-269.2
-266.855
-264.394
-261.82
-259.134
-256.336
-253.427
-250.409
-247.282
-244.049
-240.71
-237.267
-233.721
-230.073
-226.326
-222.48
-218.537
-214.498
-210.366
-206.141
-201.826
-197.423
-192.932
-188.356
-183.697
-178.957
-174.137
-169.239
-164.265
-159.218
-154.099
-148.911
-143.655
-138.333
-132.948
-127.502
-121.997
-116.435
-110.819
-105.15
-99.4314
-93.6648
-87.8528
-81.9976
-76.1016
-70.1672
-64.1967
-58.1926
-52.1571
-46.0928
-40.0021
-33.8874
-27.7511
-21.5957
-15.4237
-9.23748
-3.03959
3.16751
9.38135
15.5994
21.8193
28.0384
34.2543
40.4645
46.6665
52.8578
59.036
65.1986
71.3431
77.4671
83.5681
89.6437
95.6914
101.709
107.694
113.643
119.555
125.428
131.258
137.044
142.783
148.472
154.111
159.696
165.225
170.695
176.106
181.454
186.737
191.954
197.102
202.18
207.184
212.113
216.966
221.74
226.433
231.043
235.57
240.01
244.361
248.624
252.794
256.872
260.855
264.741
268.53
272.219
275.808
279.294
282.676
285.953
289.124
292.187
295.142
297.986
300.719
303.34
305.847
308.241
310.518
312.68
314.725
316.651
318.459
320.148
321.717
323.165
324.491
325.696
326.779
327.739
328.576
329.289
329.879
330.344
330.686
330.903
330.996
330.965
330.809
330.529
330.124
329.596
328.944
328.168
327.269
326.247
325.103
323.836
322.448
320.939
319.31
317.561
315.693
313.706
311.602
309.382
307.046
304.594
302.03
299.352
296.562
293.662
290.653
287.535
284.31
280.98
277.545
274.007
270.367
266.628
262.789
258.854
254.823
250.698
246.481
242.173
237.777
233.293
228.724
224.071
219.337
214.523
209.632
204.664
199.623
194.51
189.326
184.076
178.759
173.379
167.938
162.438
156.88
151.268
145.603
139.889
134.126
128.317
122.465
116.573
110.641
104.673
98.6719
92.6388
86.5767
80.488
74.3751
68.2405
62.0865
55.9157
49.7306
43.5335
37.3271
31.1137
24.8958
18.676
12.4568
6.24053
0.0297837
-6.17297
-12.3653
-18.5446
-24.7085
-30.8546
-36.9803
-43.0832
-49.1608
-55.2109
-61.2308
-67.2182
-73.1708
-79.0861
-84.9617
-90.7954
-96.5847
-102.327
-108.021
-113.664
-119.253
-124.786
-130.262
-135.677
-141.03
-146.319
-151.541
-156.695
-161.778
-166.788
-171.724
-176.582
-181.363
-186.062
-190.679
-195.212
-199.659
-204.018
-208.288
-212.466
-216.551
-220.541
-224.435
-228.232
-231.929
-235.526
-239.02
-242.41
-245.696
-248.876
-251.947
-254.91
-257.764
-260.506
-263.135
-265.652
-268.054
-270.341
-272.512
-274.566
-276.502
-278.32
-280.018
-281.596
-283.054
-284.39
-285.605
-286.697
-287.667
-288.513
-289.237
-289.836
-290.312
-290.663
-290.89
-290.993
-290.972
-290.826
-290.556
-290.161
-289.643
-289
-288.234
-287.345
-286.333
-285.198
-283.941
-282.563
-281.064
-279.444
-277.704
-275.846
-273.869
-271.774
-269.563
-267.236
-264.794
-262.238
-259.569
-256.789
-253.897
-250.896
-247.787
-244.571
-241.249
-237.822
-234.292
-230.661
-226.929
-223.099
-219.171
-215.148
-211.03
-206.82
-202.52
-198.13
-193.653
-189.091
-184.445
-179.717
-174.91
-170.024
-165.062
-160.027
-154.919
-149.742
-144.496
-139.185
-133.81
-128.374
-122.878
-117.325
-111.717
-106.056
-100.345
-94.5863
-88.7814
-82.9329
-77.0433
-71.1148
-65.1499
-59.151
-53.1204
-47.0605
-40.9738
-34.8627
-28.7297
-22.5772
-16.4077
-10.2236
-4.02738
2.17842
8.39135
14.6089
20.8286
27.048
33.2646
39.4759
45.6794
51.8726
58.0531
64.2183
70.3659
76.4933
82.5981
88.6778
94.7302
100.753
106.743
112.698
118.616
124.495
130.332
136.125
141.872
147.57
153.216
158.81
164.348
169.828
175.248
180.606
185.9
191.128
196.287
201.376
206.392
211.333
216.198
220.985
225.691
230.315
234.854
239.308
243.674
247.951
252.136
256.229
260.227
264.129
267.933
271.638
275.243
278.745
282.144
285.438
288.626
291.707
294.678
297.54
300.291
302.93
305.456
307.867
310.163
312.344
314.407
316.352
318.179
319.887
321.475
322.942
324.288
325.513
326.615
327.594
328.451
329.184
329.793
330.278
330.64
330.877
330.99
330.978
330.842
330.582
330.197
329.689
329.056
328.3
327.42
326.418
325.293
324.046
322.677
321.187
319.577
317.847
315.998
314.03
311.945
309.743
307.425
304.992
302.446
299.786
297.014
294.132
291.139
288.039
284.831
281.517
278.099
274.577
270.954
267.23
263.407
259.487
255.471
251.361
247.159
242.865
238.483
234.013
229.457
224.818
220.097
215.295
210.416
205.46
200.431
195.329
190.157
184.916
179.61
174.24
168.809
163.318
157.769
152.166
146.509
140.802
135.047
129.245
123.4
117.514
111.588
105.626
99.6299
93.6017
87.5441
81.4594
75.3502
69.2189
63.0678
56.8995
50.7165
44.5212
38.3161
32.1036
25.8863
19.6667
13.4471
7.23026
1.01847
-5.18572
-11.3798
-17.5614
-23.728
-29.877
-36.0061
-42.1128
-48.1947
-54.2493
-60.2741
-66.2669
-72.2252
-78.1466
-84.0287
-89.8692
-95.6658
-101.416
-107.118
-112.769
-118.366
-123.909
-129.394
-134.819
-140.182
-145.481
-150.714
-155.879
-160.973
-165.995
-170.943
-175.814
-180.607
-185.319
-189.95
-194.496
-198.957
-203.33
-207.614
-211.806
-215.906
-219.912
-223.822
-227.634
-231.347
-234.96
-238.47
-241.877
-245.18
-248.376
-251.465
-254.446
-257.317
-260.076
-262.724
-265.259
-267.679
-269.985
-272.174
-274.247
-276.202
-278.038
-279.756
-281.353
-282.83
-284.185
-285.419
-286.531
-287.521
-288.387
-289.13
-289.749
-290.244
-290.616
-290.863
-290.985
-290.984
-290.857
-290.607
-290.232
-289.734
-289.111
-288.365
-287.495
-286.502
-285.387
-284.15
-282.791
-281.311
-279.71
-277.989
-276.15
-274.191
-272.116
-269.923
-267.614
-265.19
-262.653
-260.002
-257.239
-254.365
-251.382
-248.29
-245.09
-241.785
-238.375
-234.861
-231.246
-227.53
-223.715
-219.803
-215.795
-211.692
-207.497
-203.211
-198.835
-194.372
-189.823
-185.19
-180.476
-175.681
-170.807
-165.858
-160.834
-155.737
-150.571
-145.336
-140.035
-134.67
-129.243
-123.757
-118.213
-112.614
-106.961
-101.258
-95.5067
-89.7089
-83.8672
-77.9839
-72.0615
-66.1023
-60.1086
-54.0828
-48.0275
-41.9449
-35.8376
-29.7079
-23.5583
-17.3913
-11.2094
-5.01493
1.18951
7.40147
13.6185
19.838
26.0576
32.2748
38.4871
44.692
50.887
57.0697
63.2375
69.388
75.5188
81.6274
87.7113
93.7682
99.7955
105.791
111.752
117.676
123.562
129.406
135.206
140.96
146.666
152.321
157.923
163.47
168.959
174.389
179.757
185.062
190.3
195.47
200.57
205.598
210.551
215.429
220.228
224.947
229.584
234.137
238.605
242.985
247.276
251.476
255.583
259.597
263.514
267.334
271.055
274.676
278.194
281.61
284.921
288.126
291.223
294.212
297.092
299.861
302.517
305.061
307.491
309.805
312.004
314.086
316.051
317.896
319.623
321.23
322.717
324.082
325.326
326.447
327.446
328.322
329.075
329.704
330.209
330.591
330.848
330.98
330.988
330.872
330.632
330.267
329.778
329.165
328.429
327.569
326.586
325.48
324.253
322.903
321.433
319.842
318.131
316.3
314.352
312.285
310.102
307.802
305.388
302.859
300.217
297.463
294.598
291.623
288.54
285.349
282.052
278.65
275.145
271.538
267.83
264.023
260.118
256.117
252.022
247.834
243.555
239.187
234.731
230.188
225.562
220.854
216.065
211.198
206.255
201.236
196.146
190.985
185.755
180.46
175.1
169.678
164.196
158.657
153.062
147.413
141.714
135.966
130.172
124.334
118.454
112.535
106.578
100.587
94.5638
88.5107
82.4302
76.3247
70.1968
64.0487
57.883
51.7021
45.5086
39.3049
33.0934
26.8767
20.6573
14.4376
8.22011
2.00735
-4.19822
-10.3941
-16.5778
-22.7469
-28.899
-35.0314
-41.1418
-47.2278
-53.2869
-59.3167
-65.3147
-71.2786
-77.2061
-83.0946
-88.9419
-94.7456
-100.503
-106.213
-111.872
-117.479
-123.03
-128.524
-133.959
-139.332
-144.642
-149.885
-155.061
-160.167
-165.2
-170.16
-175.043
-179.849
-184.574
-189.218
-193.778
-198.252
-202.639
-206.937
-211.145
-215.26
-219.28
-223.206
-227.033
-230.762
-234.391
-237.918
-241.342
-244.661
-247.874
-250.981
-253.978
-256.867
-259.644
-262.31
-264.863
-267.301
-269.625
-271.833
-273.925
-275.898
-277.754
-279.49
-281.107
-282.603
-283.978
-285.231
-286.362
-287.371
-288.257
-289.02
-289.659
-290.174
-290.565
-290.832
-290.974
-290.992
-290.886
-290.655
-290.3
-289.821
-289.218
-288.492
-287.642
-286.669
-285.573
-284.355
-283.015
-281.554
-279.973
-278.271
-276.451
-274.511
-272.454
-270.28
-267.99
-265.584
-263.064
-260.431
-257.686
-254.83
-251.864
-248.789
-245.607
-242.318
-238.925
-235.428
-231.829
-228.129
-224.329
-220.433
-216.439
-212.352
-208.171
-203.899
-199.538
-195.089
-190.553
-185.934
-181.232
-176.45
-171.589
-166.651
-161.639
-156.554
-151.398
-146.174
-140.884
-135.529
-130.112
-124.635
-119.1
-113.509
-107.865
-102.17
-96.4259
-90.6353
-84.8004
-78.9236
-73.0073
-67.0537
-61.0654
-55.0446
-48.9938
-42.9154
-36.8118
-30.6855
-24.5389
-18.3746
-12.1948
-6.00222
0.200788
6.41172
12.6281
18.8474
25.0672
31.2849
37.4981
43.7044
49.9011
56.0859
62.2563
68.4097
74.5438
80.6561
86.7441
92.8054
98.8376
104.838
110.805
116.735
122.627
128.478
134.285
140.047
145.76
151.423
157.034
162.59
168.089
173.528
178.907
184.221
189.47
194.651
199.763
204.802
209.767
214.657
219.469
224.201
228.851
233.418
237.899
242.293
246.598
250.813
254.935
258.964
262.897
266.732
270.469
274.106
277.641
281.073
284.401
287.622
290.737
293.744
296.641
299.427
302.102
304.664
307.111
309.445
311.662
313.762
315.746
317.61
319.356
320.982
322.488
323.873
325.136
326.277
327.295
328.191
328.963
329.612
330.137
330.538
330.815
330.967
330.995
330.899
330.678
330.333
329.864
329.271
328.554
327.714
326.751
325.665
324.456
323.126
321.675
320.103
318.411
316.6
314.67
312.622
310.457
308.176
305.78
303.269
300.645
297.909
295.062
292.104
289.038
285.864
282.584
279.199
275.71
272.119
268.427
264.636
260.746
256.761
252.681
248.507
244.243
239.888
235.446
230.918
226.305
221.609
216.833
211.979
207.047
202.041
196.961
191.811
186.593
181.307
175.958
170.545
165.073
159.543
153.956
148.316
142.625
136.885
131.098
125.267
119.393
113.48
107.529
101.543
95.5252
89.4767
83.4004
77.2987
71.1741
65.0291
58.866
52.6874
46.4958
40.2935
34.0831
27.8671
21.6479
15.4281
9.21009
2.99641
-3.21047
-9.40807
-15.5939
-21.7655
-27.9204
-34.0561
-40.1702
-46.2603
-52.3238
-58.3584
-64.3617
-70.3312
-76.2646
-82.1594
-88.0135
-93.8243
-99.5896
-105.307
-110.974
-116.589
-122.15
-127.653
-133.097
-138.481
-143.8
-149.055
-154.241
-159.358
-164.403
-169.375
-174.271
-179.088
-183.827
-188.484
-193.057
-197.545
-201.946
-206.259
-210.481
-214.611
-218.646
-222.587
-226.43
-230.175
-233.82
-237.363
-240.803
-244.139
-247.37
-250.493
-253.508
-256.414
-259.209
-261.893
-264.464
-266.921
-269.263
-271.489
-273.599
-275.592
-277.466
-279.222
-280.857
-282.372
-283.767
-285.04
-286.19
-287.219
-288.124
-288.907
-289.565
-290.1
-290.511
-290.797
-290.96
-290.998
-290.911
-290.7
-290.365
-289.906
-289.323
-288.616
-287.785
-286.832
-285.756
-284.557
-283.237
-281.795
-280.233
-278.55
-276.748
-274.828
-272.789
-270.634
-268.362
-265.975
-263.473
-260.858
-258.131
-255.293
-252.344
-249.286
-246.121
-242.849
-239.472
-235.992
-232.409
-228.725
-224.941
-221.06
-217.082
-213.009
-208.843
-204.586
-200.238
-195.803
-191.281
-186.675
-181.986
-177.216
-172.368
-167.442
-162.442
-157.369
-152.224
-147.011
-141.731
-136.386
-130.979
-125.511
-119.985
-114.403
-108.767
-103.08
-97.3439
-91.5605
-85.7326
-79.8623
-73.9521
-68.0043
-62.0213
-56.0056
-49.9594
-43.8852
-37.7855
-31.6626
-25.5191
-19.3574
-13.18
-6.98925
-0.787731
5.4221
11.6378
17.8568
24.0766
30.2949
36.509
42.7165
48.9149
55.1018
61.2746
67.4309
73.5683
79.6842
85.7762
91.842
97.879
103.885
109.857
115.793
121.691
127.549
133.363
139.132
144.854
150.525
156.144
161.709
167.217
172.666
178.054
183.379
188.639
193.831
198.953
204.004
208.982
213.883
218.708
223.452
228.116
232.696
237.191
241.599
245.919
250.148
254.285
258.329
262.277
266.128
269.881
273.533
277.085
280.533
283.878
287.116
290.248
293.272
296.187
298.991
301.683
304.263
306.729
309.081
311.316
313.436
315.438
317.321
319.086
320.731
322.256
323.66
324.943
326.103
327.141
328.057
328.849
329.517
330.062
330.483
330.779
330.951
330.999
330.923
330.722
330.396
329.947
329.374
328.677
327.856
326.912
325.846
324.657
323.346
321.914
320.362
318.689
316.896
314.985
312.956
310.81
308.547
306.169
303.677
301.071
298.352
295.523
292.583
289.534
286.377
283.114
279.745
276.273
272.698
269.022
265.246
261.372
257.402
253.337
249.178
244.928
240.588
236.159
231.644
227.045
222.363
217.599
212.757
207.837
202.843
197.775
192.636
187.428
182.154
176.814
171.411
165.949
160.427
154.85
149.218
143.535
137.802
132.023
126.198
120.331
114.424
108.479
102.499
96.4858
90.4419
84.3699
78.2721
72.151
66.0091
59.8487
53.6724
47.4827
41.2819
35.0726
28.8574
22.6385
16.4186
10.2002
3.98564
-2.22249
-8.42173
-14.6096
-20.7836
-26.9414
-33.0803
-39.198
-45.292
-51.36
-57.3993
-63.4077
-69.3828
-75.3221
-81.2233
-87.084
-92.9018
-98.6745
-104.4
-110.075
-115.699
-121.268
-126.78
-132.234
-137.627
-142.957
-148.222
-153.42
-158.548
-163.605
-168.588
-173.496
-178.326
-183.078
-187.748
-192.334
-196.836
-201.251
-205.578
-209.815
-213.959
-218.01
-221.966
-225.825
-229.585
-233.246
-236.806
-240.262
-243.615
-246.862
-250.003
-253.035
-255.959
-258.772
-261.473
-264.062
-266.537
-268.898
-271.143
-273.271
-275.283
-277.176
-278.95
-280.605
-282.139
-283.553
-284.845
-286.015
-287.063
-287.988
-288.79
-289.469
-290.023
-290.454
-290.76
-290.942
-291
-290.933
-290.742
-290.427
-289.987
-289.424
-288.737
-287.926
-286.992
-285.935
-284.756
-283.455
-282.033
-280.49
-278.826
-277.043
-275.142
-273.122
-270.985
-268.732
-266.363
-263.879
-261.282
-258.573
-255.752
-252.821
-249.781
-246.632
-243.377
-240.017
-236.553
-232.986
-229.318
-225.55
-221.684
-217.722
-213.664
-209.513
-205.27
-200.937
-196.515
-192.007
-187.414
-182.738
-177.981
-173.145
-168.232
-163.243
-158.181
-153.048
-147.846
-142.576
-137.241
-131.844
-126.386
-120.869
-115.296
-109.669
-103.989
-98.2607
-92.4847
-86.6636
-80.8
-74.896
-68.954
-62.9765
-56.9658
-50.9243
-44.8544
-38.7586
-32.6392
-26.4989
-20.3399
-14.1648
-7.976
-1.77604
4.43264
10.6475
16.8662
23.0861
29.3047
35.5197
41.7284
47.9285
54.1173
60.2925
66.4517
72.5922
78.7117
84.8077
90.8778
96.9195
102.93
108.908
114.851
120.755
126.619
132.44
138.217
143.946
149.625
155.253
160.826
166.344
171.802
177.2
182.535
187.805
193.008
198.142
203.205
208.194
213.108
217.945
222.702
227.379
231.972
236.481
240.903
245.237
249.481
253.632
257.691
261.654
265.521
269.29
272.958
276.526
279.991
283.352
286.608
289.757
292.798
295.73
298.552
301.262
303.86
306.344
308.714
310.968
313.106
315.127
317.029
318.813
320.477
322.021
323.445
324.747
325.927
326.984
327.919
328.731
329.419
329.984
330.424
330.74
330.932
331
330.943
330.762
330.457
330.027
329.473
328.796
327.995
327.071
326.024
324.855
323.563
322.151
320.617
318.963
317.19
315.298
313.287
311.159
308.915
306.556
304.081
301.493
298.793
295.981
293.058
290.027
286.887
283.64
280.289
276.833
273.274
269.614
265.854
261.996
258.041
253.991
249.847
245.611
241.285
236.87
232.369
227.783
223.114
218.363
213.533
208.626
203.643
198.587
193.459
188.262
182.998
177.669
172.276
166.823
161.31
155.742
150.119
144.443
138.719
132.946
127.129
121.268
115.368
109.429
103.454
97.4456
91.4064
85.3387
79.2449
73.1273
66.9886
60.831
54.6571
48.4693
42.2701
36.062
29.8475
23.6291
17.4092
11.1904
4.97504
-1.23428
-7.4351
-13.625
-19.8014
-25.9618
-32.1039
-38.2252
-44.3232
-50.3954
-56.4395
-62.453
-68.4335
-74.3787
-80.2861
-86.1534
-91.9782
-97.7582
-103.491
-109.175
-114.807
-120.385
-125.906
-131.37
-136.773
-142.113
-147.388
-152.597
-157.736
-162.804
-167.799
-172.719
-177.562
-182.326
-187.009
-191.609
-196.125
-200.554
-204.895
-209.146
-213.305
-217.371
-221.342
-225.217
-228.993
-232.67
-236.246
-239.719
-243.088
-246.352
-249.51
-252.56
-255.5
-258.331
-261.05
-263.657
-266.15
-268.529
-270.793
-272.94
-274.97
-276.882
-278.675
-280.349
-281.903
-283.336
-284.647
-285.837
-286.905
-287.849
-288.671
-289.369
-289.943
-290.393
-290.72
-290.922
-290.999
-290.952
-290.781
-290.485
-290.066
-289.522
-288.854
-288.063
-287.149
-286.112
-284.952
-283.671
-282.267
-280.744
-279.099
-277.335
-275.453
-273.452
-271.333
-269.098
-266.748
-264.282
-261.704
-259.012
-256.209
-253.295
-250.272
-247.141
-243.903
-240.559
-237.112
-233.561
-229.909
-226.157
-222.307
-218.359
-214.317
-210.18
-205.952
-201.633
-197.225
-192.731
-188.151
-183.489
-178.744
-173.921
-169.02
-164.043
-158.992
-153.87
-148.679
-143.42
-138.095
-132.708
-127.259
-121.751
-116.187
-110.568
-104.897
-99.1763
-93.4076
-87.5936
-81.7366
-75.8389
-69.9028
-63.9308
-57.9252
-51.8884
-45.8229
-39.731
-33.6153
-27.4781
-21.3219
-15.1492
-8.96247
-2.76413
3.44333
9.65741
15.8756
22.0955
28.3145
34.5302
40.7401
46.9417
53.1325
59.3101
65.4719
71.6156
77.7386
83.8385
89.9128
95.9593
101.975
107.959
113.907
119.817
125.688
131.516
137.3
143.036
148.724
154.36
159.942
165.469
170.937
176.345
181.69
186.971
192.184
197.329
202.403
207.404
212.33
217.18
221.95
226.639
231.246
235.769
240.205
244.553
248.811
252.977
257.051
261.029
264.912
268.696
272.381
275.965
279.446
282.824
286.096
289.262
292.321
295.27
298.11
300.838
303.454
305.956
308.344
310.617
312.773
314.813
316.734
318.537
320.22
321.784
323.226
324.547
325.747
326.824
327.779
328.61
329.318
329.902
330.362
330.698
330.91
330.997
330.96
330.799
330.513
330.104
329.57
328.912
328.131
327.226
326.199
325.049
323.777
322.384
320.869
319.235
317.48
315.607
313.615
311.506
309.28
306.939
304.483
301.913
299.23
296.436
293.531
290.517
287.394
284.165
280.829
277.39
273.847
270.203
266.459
262.617
258.677
254.642
250.513
246.292
241.98
237.579
233.092
228.519
223.863
219.125
214.308
209.413
204.442
199.397
194.281
189.095
183.841
178.522
173.139
167.695
162.192
156.632
151.018
145.351
139.634
133.869
128.058
122.205
116.31
110.377
104.408
98.4046
92.3702
86.3069
80.2171
74.1031
67.9676
61.8128
55.6413
49.4556
43.2581
37.0513
30.8376
24.6196
18.3998
12.1806
5.96459
-0.245855
-6.4482
-12.64
-18.8187
-24.9819
-31.127
-37.2518
-43.3536
-49.4301
-55.4788
-61.4974
-67.4833
-73.4343
-79.3478
-85.2217
-91.0534
-96.8408
-102.581
-108.273
-113.913
-119.5
-125.031
-130.504
-135.916
-141.267
-146.552
-151.772
-156.922
-162.002
-167.009
-171.941
-176.796
-181.573
-186.269
-190.882
-195.412
-199.855
-204.21
-208.475
-212.649
-216.73
-220.716
-224.606
-228.398
-232.091
-235.683
-239.173
-242.559
-245.84
-249.014
-252.081
-255.039
-257.888
-260.625
-263.25
-265.761
-268.158
-270.44
-272.606
-274.655
-276.586
-278.398
-280.091
-281.664
-283.116
-284.447
-285.656
-286.743
-287.707
-288.548
-289.266
-289.86
-290.33
-290.676
-290.898
-290.995
-290.968
-290.817
-290.541
-290.141
-289.617
-288.969
-288.197
-287.303
-286.285
-285.145
-283.883
-282.499
-280.994
-279.369
-277.624
-275.76
-273.778
-271.678
-269.462
-267.13
-264.683
-262.122
-259.448
-256.663
-253.766
-250.761
-247.647
-244.426
-241.099
-237.668
-234.133
-230.497
-226.761
-222.926
-218.994
-214.967
-210.845
-206.631
-202.327
-197.933
-193.452
-188.886
-184.237
-179.505
-174.694
-169.805
-164.84
-159.802
-154.691
-149.51
-144.262
-138.948
-133.57
-128.131
-122.632
-117.077
-111.467
-105.804
-100.091
-94.3295
-88.5226
-82.6722
-76.7808
-70.8507
-64.8842
-58.8838
-52.8519
-46.7907
-40.7029
-34.5908
-28.4569
-22.3036
-16.1333
-9.94865
-3.75198
2.45419
8.66738
14.8851
21.1049
27.3242
33.5406
39.7516
45.9546
52.1473
58.3272
64.4917
70.6384
76.7649
82.8686
88.9472
94.9982
101.019
107.008
112.962
118.878
124.755
130.591
136.382
142.126
147.822
153.466
159.057
164.592
170.07
175.488
180.843
186.134
191.359
196.515
201.6
206.613
211.551
216.413
221.195
225.898
230.518
235.054
239.504
243.866
248.139
252.32
256.408
260.402
264.3
268.1
271.801
275.401
278.898
282.293
285.582
288.765
291.841
294.808
297.665
300.411
303.045
305.565
307.972
310.263
312.438
314.496
316.436
318.258
319.96
321.543
323.005
324.345
325.564
326.661
327.635
328.486
329.213
329.817
330.297
330.653
330.885
330.992
330.975
330.833
330.567
330.177
329.663
329.025
328.263
327.379
326.371
325.24
323.988
322.614
321.119
319.503
317.768
315.913
313.94
311.85
309.643
307.32
304.882
302.33
299.665
296.888
294.001
291.004
287.899
284.686
281.368
277.945
274.418
270.791
267.062
263.235
259.311
255.291
251.177
246.97
242.673
238.286
233.812
229.253
224.61
219.885
215.08
210.197
205.239
200.205
195.1
189.925
184.682
179.373
174
168.566
163.072
157.521
151.915
146.257
140.547
134.79
128.987
123.14
117.251
111.324
105.361
99.3628
93.3333
87.2744
81.1886
75.0784
68.9461
62.7942
56.6253
50.4416
44.2458
38.0403
31.8276
25.6101
19.3904
13.171
6.95428
0.742775
-5.46102
-11.6546
-17.8356
-24.0014
-30.1496
-36.2778
-42.3834
-48.4641
-54.5175
-60.541
-66.5323
-72.4889
-78.4086
-84.2889
-90.1276
-95.9221
-101.67
-107.37
-113.018
-118.614
-124.154
-129.636
-135.058
-140.419
-145.715
-150.945
-156.107
-161.198
-166.216
-171.161
-176.028
-180.818
-185.527
-190.153
-194.696
-199.153
-203.522
-207.802
-211.99
-216.086
-220.088
-223.993
-227.801
-231.51
-235.118
-238.624
-242.026
-245.324
-248.516
-251.6
-254.576
-257.441
-260.196
-262.839
-265.369
-267.784
-270.084
-272.269
-274.336
-276.286
-278.117
-279.829
-281.421
-282.893
-284.243
-285.471
-286.578
-287.562
-288.422
-289.16
-289.774
-290.263
-290.629
-290.871
-290.988
-290.981
-290.849
-290.593
-290.213
-289.709
-289.08
-288.329
-287.454
-286.455
-285.335
-284.092
-282.728
-281.242
-279.636
-277.91
-276.065
-274.102
-272.021
-269.823
-267.509
-265.08
-262.537
-259.881
-257.114
-254.235
-251.247
-248.15
-244.946
-241.636
-238.221
-234.703
-231.083
-227.363
-223.544
-219.627
-215.614
-211.508
-207.308
-203.018
-198.639
-194.172
-189.619
-184.983
-180.264
-175.466
-170.589
-165.636
-160.609
-155.51
-150.34
-145.102
-139.798
-134.431
-129.001
-123.512
-117.965
-112.364
-106.709
-101.004
-95.2502
-89.4504
-83.6068
-77.7218
-71.7976
-65.8368
-59.8416
-53.8145
-47.7579
-41.6742
-35.5658
-29.4352
-23.2848
-17.1171
-10.9345
-4.7396
1.46523
7.67746
13.8946
20.1142
26.3338
32.5508
38.7628
44.9673
51.1619
57.3439
63.511
69.6607
75.7906
81.8981
87.9809
94.0365
100.062
106.056
112.016
117.939
123.822
129.664
135.462
141.214
146.918
152.571
158.17
163.715
169.202
174.629
179.994
185.296
190.531
195.698
200.795
205.819
210.77
215.643
220.439
225.155
229.788
234.337
238.801
243.177
247.464
251.66
255.764
259.773
263.686
267.501
271.218
274.834
278.348
281.759
285.065
288.266
291.358
294.343
297.217
299.981
302.633
305.171
307.596
309.906
312.099
314.176
316.135
317.976
319.697
321.299
322.78
324.14
325.378
326.494
327.488
328.358
329.106
329.729
330.229
330.605
330.856
330.983
330.986
330.864
330.618
330.248
329.753
329.135
328.393
327.528
326.539
325.428
324.195
322.841
321.365
319.768
318.052
316.216
314.262
312.191
310.002
307.697
305.278
302.744
300.097
297.338
294.468
291.489
288.4
285.205
281.903
278.497
274.987
271.375
267.663
263.851
259.942
255.937
251.838
247.646
243.363
238.991
234.531
229.985
225.355
220.643
215.851
210.98
206.033
201.012
195.918
190.754
185.522
180.223
174.86
169.436
163.951
158.409
152.812
147.161
141.46
135.71
129.914
124.074
118.192
112.271
106.313
100.32
94.2956
88.2413
82.1596
76.0531
69.9241
63.7752
57.6088
51.4273
45.2333
39.0292
32.8174
26.6006
20.3811
14.1614
7.9441
1.7316
-4.47359
-10.669
-16.8521
-23.0205
-29.1717
-35.3032
-41.4126
-47.4975
-53.5553
-59.5837
-65.5803
-71.5427
-77.4684
-83.3551
-89.2006
-95.0023
-100.758
-106.465
-112.122
-117.726
-123.275
-128.767
-134.199
-139.569
-144.876
-150.117
-155.289
-160.392
-165.422
-170.378
-175.258
-180.06
-184.782
-189.422
-193.978
-198.449
-202.832
-207.126
-211.329
-215.44
-219.457
-223.378
-227.201
-230.926
-234.55
-238.072
-241.491
-244.806
-248.015
-251.116
-254.109
-256.992
-259.765
-262.426
-264.973
-267.407
-269.726
-271.929
-274.015
-275.983
-277.833
-279.564
-281.176
-282.666
-284.036
-285.284
-286.41
-287.413
-288.294
-289.051
-289.684
-290.194
-290.579
-290.841
-290.978
-290.99
-290.878
-290.642
-290.282
-289.797
-289.189
-288.457
-287.601
-286.623
-285.521
-284.298
-282.953
-281.487
-279.9
-278.193
-276.367
-274.422
-272.36
-270.181
-267.885
-265.475
-262.95
-260.312
-257.562
-254.701
-251.73
-248.65
-245.463
-242.17
-238.772
-235.27
-231.666
-227.962
-224.158
-220.257
-216.26
-212.168
-207.983
-203.707
-199.342
-194.889
-190.35
-185.727
-181.021
-176.235
-171.371
-166.43
-161.414
-156.326
-151.168
-145.941
-140.647
-135.29
-129.87
-124.39
-118.853
-113.26
-107.613
-101.916
-96.1697
-90.3771
-84.5403
-78.6617
-72.7437
-66.7885
-60.7987
-54.7765
-48.7244
-42.6448
-36.5402
-30.413
-24.2656
-18.1004
-11.9201
-5.72696
0.476452
6.68767
12.9042
19.1236
25.3433
31.5609
37.7739
43.9798
50.1761
56.3603
62.5299
68.6826
74.8157
80.927
87.0139
93.0739
99.1048
105.104
111.069
116.998
122.888
128.737
134.542
140.301
146.013
151.674
157.282
162.835
168.332
173.769
179.144
184.456
189.702
194.88
199.988
205.024
209.986
214.872
219.681
224.409
229.056
233.618
238.096
242.486
246.788
250.998
255.116
259.14
263.069
266.9
270.633
274.265
277.795
281.223
284.546
287.763
290.873
293.875
296.767
299.548
302.218
304.775
307.217
309.545
311.758
313.853
315.831
317.69
319.431
321.052
322.552
323.931
325.189
326.325
327.338
328.228
328.995
329.638
330.158
330.553
330.824
330.971
330.994
330.892
330.665
330.315
329.84
329.242
328.519
327.674
326.705
325.614
324.4
323.065
321.608
320.031
318.333
316.517
314.581
312.528
310.358
308.072
305.671
303.155
300.526
297.785
294.933
291.971
288.899
285.721
282.436
279.046
275.553
271.957
268.261
264.465
260.571
256.582
252.497
248.32
244.051
239.693
235.247
230.714
226.098
221.399
216.619
211.761
206.826
201.817
196.734
191.581
186.359
181.071
175.719
170.304
164.829
159.296
153.707
148.065
142.371
136.629
130.84
125.007
119.131
113.216
107.264
101.277
95.2572
89.2074
83.1299
77.0272
70.9017
64.7558
58.592
52.4127
46.2205
40.0179
33.8072
27.591
21.3717
15.1519
8.93405
2.72061
-3.48591
-9.68304
-15.8683
-22.0392
-28.1933
-34.3281
-40.4412
-46.5301
-52.5924
-58.6257
-64.6275
-70.5955
-76.5272
-82.4203
-88.2724
-94.0813
-99.8445
-105.56
-111.225
-116.837
-122.395
-127.896
-133.338
-138.718
-144.035
-149.286
-154.47
-159.584
-164.626
-169.594
-174.486
-179.301
-184.035
-188.689
-193.258
-197.743
-202.14
-206.448
-210.666
-214.792
-218.823
-222.76
-226.599
-230.339
-233.979
-237.518
-240.954
-244.285
-247.511
-250.629
-253.64
-256.541
-259.331
-262.009
-264.575
-267.027
-269.364
-271.586
-273.69
-275.678
-277.547
-279.297
-280.927
-282.437
-283.826
-285.093
-286.239
-287.262
-288.162
-288.938
-289.592
-290.121
-290.526
-290.807
-290.964
-290.996
-290.904
-290.688
-290.347
-289.883
-289.294
-288.581
-287.746
-286.787
-285.705
-284.501
-283.175
-281.728
-280.161
-278.473
-276.666
-274.74
-272.696
-270.535
-268.258
-265.866
-263.36
-260.74
-258.007
-255.164
-252.21
-249.148
-245.978
-242.702
-239.32
-235.835
-232.247
-228.559
-224.771
-220.885
-216.903
-212.826
-208.656
-204.394
-200.043
-195.604
-191.078
-186.469
-181.776
-177.003
-172.151
-167.222
-162.218
-157.142
-151.994
-146.778
-141.495
-136.147
-130.737
-125.267
-119.738
-114.154
-108.516
-102.827
-97.088
-91.3026
-85.4728
-79.6007
-73.6888
-67.7394
-61.7549
-55.7377
-49.6902
-43.6148
-37.514
-31.3902
-25.2459
-19.0834
-12.9053
-6.71406
-0.512124
5.69802
11.9139
18.133
24.3528
30.5709
36.7848
42.992
49.1899
55.3762
61.5484
67.7039
73.8403
79.9553
86.0462
92.1107
98.1463
104.151
110.122
116.056
121.952
127.808
133.62
139.387
145.106
150.776
156.392
161.955
167.46
172.907
178.292
183.614
188.871
194.06
199.179
204.227
209.201
214.099
218.92
223.661
228.321
232.897
237.389
241.793
246.109
250.334
254.467
258.506
262.45
266.297
270.045
273.693
277.24
280.684
284.024
287.258
290.385
293.404
296.314
299.113
301.8
304.375
306.836
309.182
311.413
313.527
315.524
317.402
319.162
320.802
322.321
323.72
324.997
326.152
327.185
328.094
328.881
329.544
330.083
330.498
330.789
330.956
330.998
330.916
330.71
330.379
329.924
329.345
328.643
327.817
326.868
325.796
324.601
323.285
321.848
320.29
318.612
316.814
314.898
312.863
310.712
308.444
306.061
303.563
300.952
298.229
295.394
292.45
289.396
286.234
282.966
279.593
276.116
272.537
268.856
265.076
261.198
257.224
253.154
248.991
244.737
240.393
235.961
231.442
226.839
222.153
217.386
212.54
207.617
202.619
197.548
192.407
187.196
181.918
176.575
171.17
165.705
160.181
154.601
148.967
143.281
137.547
131.765
125.939
120.07
114.161
108.214
102.233
96.218
90.1728
84.0996
78.0007
71.8787
65.7359
59.5748
53.3978
47.2075
41.0063
34.7968
28.5813
22.3623
16.1424
9.9241
3.7098
-2.49799
-8.69678
-14.8841
-21.0575
-27.2144
-33.3524
-39.4692
-45.5621
-51.6288
-57.6668
-63.6738
-69.6473
-75.585
-81.4844
-87.3432
-93.1591
-98.9298
-104.653
-110.326
-115.947
-121.514
-127.024
-132.475
-137.866
-143.193
-148.455
-153.649
-158.774
-163.828
-168.808
-173.712
-178.539
-183.287
-187.953
-192.536
-197.034
-201.445
-205.768
-210.001
-214.141
-218.188
-222.139
-225.994
-229.75
-233.406
-236.961
-240.414
-243.762
-247.004
-250.14
-253.168
-256.086
-258.894
-261.59
-264.174
-266.644
-269
-271.24
-273.363
-275.369
-277.257
-279.026
-280.675
-282.205
-283.613
-284.9
-286.065
-287.107
-288.027
-288.823
-289.496
-290.045
-290.47
-290.771
-290.947
-291
-290.927
-290.731
-290.41
-289.965
-289.396
-288.703
-287.887
-286.948
-285.885
-284.701
-283.395
-281.967
-280.418
-278.75
-276.962
-275.055
-273.03
-270.887
-268.629
-266.255
-263.766
-261.164
-258.45
-255.624
-252.688
-249.643
-246.49
-243.23
-239.866
-236.397
-232.825
-229.153
-225.381
-221.51
-217.544
-213.482
-209.326
-205.079
-200.742
-196.317
-191.805
-187.208
-182.529
-177.768
-172.929
-168.012
-163.02
-157.955
-152.819
-147.613
-142.341
-137.003
-131.603
-126.142
-120.623
-115.047
-109.417
-103.736
-98.0052
-92.2271
-86.4041
-80.5386
-74.6329
-68.6893
-62.7102
-56.6981
-50.6553
-44.5842
-38.4873
-32.367
-26.2257
-20.066
-13.8902
-7.7009
-1.50049
4.70851
10.9236
17.1424
23.3623
29.5808
35.7955
42.0039
48.2035
54.3919
60.5664
66.7248
72.8644
78.9829
85.0778
91.1467
97.1871
103.197
109.173
115.114
121.016
126.878
132.698
138.472
144.199
149.876
155.501
161.073
166.587
172.043
177.439
182.771
188.038
193.238
198.369
203.428
208.414
213.324
218.158
222.912
227.584
232.174
236.679
241.097
245.427
249.667
253.815
257.869
261.828
265.69
269.455
273.119
276.682
280.142
283.499
286.75
289.894
292.93
295.858
298.674
301.38
303.973
306.452
308.816
311.066
313.198
315.214
317.111
318.89
320.548
322.087
323.505
324.802
325.976
327.028
327.958
328.764
329.447
330.006
330.441
330.751
330.938
331
330.938
330.751
330.44
330.005
329.446
328.763
327.957
327.027
325.975
324.8
323.503
322.085
320.546
318.887
317.108
315.211
313.195
311.062
308.813
306.448
303.969
301.376
298.67
295.853
292.926
289.889
286.745
283.494
280.137
276.677
273.113
269.449
265.685
261.822
257.863
253.808
249.661
245.421
241.091
236.672
232.167
227.577
222.905
218.15
213.317
208.406
203.42
198.361
193.23
188.03
182.763
177.43
172.035
166.579
161.064
155.493
149.868
144.19
138.463
132.689
126.869
121.007
115.105
109.164
103.188
97.178
91.1376
85.0686
78.9737
72.8552
66.7155
60.5571
54.3825
48.1942
41.9946
35.7862
29.5715
23.3529
17.133
10.9143
4.69915
-1.50984
-7.71023
-13.8995
-20.0753
-26.235
-32.3762
-38.4965
-44.5934
-50.6644
-56.7072
-62.7193
-68.6983
-74.6418
-80.5475
-86.4129
-92.2358
-98.0138
-103.745
-109.426
-115.055
-120.631
-126.15
-131.611
-137.011
-142.349
-147.621
-152.826
-157.963
-163.028
-168.019
-172.936
-177.776
-182.536
-187.215
-191.812
-196.324
-200.749
-205.086
-209.333
-213.488
-217.55
-221.516
-225.386
-229.158
-232.831
-236.402
-239.871
-243.235
-246.495
-249.648
-252.693
-255.629
-258.454
-261.168
-263.77
-266.259
-268.632
-270.891
-273.033
-275.058
-276.964
-278.752
-280.421
-281.969
-283.397
-284.703
-285.887
-286.949
-287.888
-288.704
-289.397
-289.966
-290.411
-290.731
-290.928
-291
-290.947
-290.77
-290.469
-290.044
-289.495
-288.822
-288.025
-287.105
-286.063
-284.898
-283.611
-282.202
-280.673
-279.023
-277.254
-275.366
-273.36
-271.236
-268.996
-266.641
-264.17
-261.586
-258.89
-256.082
-253.163
-250.135
-246.999
-243.757
-240.408
-236.956
-233.401
-229.744
-225.988
-222.133
-218.182
-214.135
-209.994
-205.762
-201.439
-197.027
-192.529
-187.946
-183.28
-178.532
-173.705
-168.8
-163.82
-158.766
-153.641
-148.447
-143.185
-137.857
-132.467
-127.016
-121.505
-115.939
-110.318
-104.644
-98.9211
-93.1504
-87.3344
-81.4755
-75.5761
-69.6383
-63.6648
-57.6577
-51.6197
-45.5529
-39.4599
-33.3432
-27.2051
-21.0482
-14.8748
-8.68745
-2.48864
3.71916
9.93347
16.1518
22.3717
28.5906
34.8061
41.0157
47.2169
53.4071
59.584
65.7451
71.8879
78.01
84.1088
90.182
96.2271
102.242
108.223
114.17
120.079
125.947
131.774
137.555
143.29
148.975
154.609
160.189
165.713
171.178
176.583
181.926
187.204
192.414
197.556
202.627
207.625
212.547
217.393
222.16
226.846
231.449
235.967
240.4
244.744
248.998
253.16
257.23
261.204
265.082
268.862
272.542
276.121
279.598
282.971
286.239
289.401
292.454
295.399
298.233
300.956
303.567
306.065
308.448
310.715
312.866
314.901
316.817
318.614
320.292
321.85
323.287
324.603
325.797
326.869
327.818
328.644
329.346
329.925
330.38
330.71
330.917
330.998
330.956
330.789
330.498
330.083
329.543
328.88
328.093
327.183
326.15
324.995
323.718
322.319
320.799
319.159
317.4
315.521
313.524
311.41
309.179
306.832
304.371
301.796
299.109
296.309
293.399
290.38
287.253
284.019
280.679
277.235
273.688
270.039
266.291
262.444
258.5
254.461
250.327
246.102
241.786
237.382
232.891
228.314
223.654
218.913
214.092
209.194
204.219
199.171
194.052
188.863
183.606
178.284
172.899
167.452
161.946
156.384
150.767
145.098
139.379
133.612
127.799
121.944
116.047
110.113
104.142
98.1373
92.1016
86.037
79.9461
73.8311
67.6946
61.5391
55.3669
49.1806
42.9826
36.7755
30.5616
24.3435
18.1236
11.9045
5.68866
-0.521478
-6.7234
-12.9146
-19.0927
-25.2551
-31.3995
-37.5233
-43.624
-49.6993
-55.7468
-61.7639
-67.7484
-73.6977
-79.6096
-85.4816
-91.3114
-97.0967
-102.835
-108.525
-114.162
-119.747
-125.275
-130.745
-136.155
-141.503
-146.786
-152.002
-157.149
-162.226
-167.229
-172.158
-177.01
-181.783
-186.476
-191.085
-195.611
-200.05
-204.401
-208.662
-212.832
-216.909
-220.891
-224.777
-228.564
-232.253
-235.84
-239.325
-242.707
-245.983
-249.153
-252.215
-255.168
-258.012
-260.744
-263.363
-265.87
-268.262
-270.539
-272.699
-274.743
-276.669
-278.475
-280.163
-281.731
-283.177
-284.503
-285.707
-286.788
-287.747
-288.583
-289.295
-289.883
-290.348
-290.688
-290.905
-290.996
-290.964
-290.807
-290.526
-290.12
-289.591
-288.937
-288.16
-287.26
-286.237
-285.092
-283.824
-282.435
-280.925
-279.294
-277.544
-275.675
-273.687
-271.582
-269.361
-267.024
-264.571
-262.005
-259.327
-256.536
-253.635
-250.625
-247.506
-244.28
-240.949
-237.513
-233.974
-230.334
-226.593
-222.754
-218.817
-214.786
-210.66
-206.442
-202.133
-197.736
-193.251
-188.682
-184.028
-179.293
-174.479
-169.586
-164.618
-159.576
-154.462
-149.279
-144.027
-138.71
-133.33
-127.888
-122.387
-116.829
-111.216
-105.551
-99.8359
-94.0726
-88.2637
-82.4114
-76.5183
-70.5865
-64.6185
-58.6166
-52.5833
-46.521
-40.432
-34.3189
-28.184
-22.0299
-15.859
-9.67371
-3.47656
2.72997
8.94341
15.1613
21.3811
27.6003
33.8165
40.0272
46.2299
52.4221
58.6013
64.765
70.9109
77.0364
83.1391
89.2165
95.2663
101.286
107.273
113.225
119.14
125.015
130.849
136.638
142.38
148.073
153.715
159.304
164.837
170.312
175.727
181.079
186.367
191.589
196.742
201.824
206.834
211.769
216.627
221.406
226.105
230.721
235.254
239.7
244.058
248.326
252.504
256.588
260.577
264.471
268.266
271.963
275.558
279.051
282.441
285.726
288.904
291.975
294.937
297.789
300.53
303.159
305.674
308.076
310.362
312.532
314.584
316.52
318.336
320.033
321.61
323.067
324.402
325.615
326.707
327.675
328.521
329.243
329.841
330.316
330.666
330.892
330.994
330.971
330.824
330.553
330.157
329.637
328.994
328.227
327.336
326.323
325.187
323.929
322.55
321.049
319.428
317.688
315.828
313.85
311.754
309.542
307.214
304.771
302.214
299.544
296.763
293.87
290.868
287.758
284.541
281.218
277.79
274.26
270.627
266.894
263.063
259.134
255.11
250.992
246.781
242.48
238.089
233.612
229.049
224.402
219.673
214.865
209.979
205.017
199.98
194.872
189.694
184.448
179.136
173.76
168.323
162.827
157.274
151.665
146.004
140.293
134.533
128.728
122.879
116.989
111.06
105.095
99.0957
93.0648
87.0047
80.9178
74.8065
68.6733
62.5206
56.3509
50.1667
43.9704
37.7646
31.5516
25.334
19.1142
12.8948
6.67831
0.467096
-5.7363
-11.9294
-18.1097
-24.2748
-30.4222
-36.5494
-42.654
-48.7336
-54.7856
-60.8077
-66.7975
-72.7526
-78.6706
-84.5491
-90.3858
-96.1784
-101.924
-107.622
-113.268
-118.861
-124.398
-129.878
-135.298
-140.655
-145.949
-151.176
-156.334
-161.422
-166.437
-171.378
-176.243
-181.028
-185.734
-190.357
-194.896
-199.349
-203.714
-207.99
-212.174
-216.266
-220.263
-224.164
-227.968
-231.672
-235.276
-238.777
-242.175
-245.468
-248.655
-251.734
-254.705
-257.566
-260.316
-262.954
-265.478
-267.889
-270.184
-272.363
-274.425
-276.37
-278.196
-279.902
-281.489
-282.955
-284.3
-285.523
-286.624
-287.603
-288.458
-289.19
-289.798
-290.282
-290.643
-290.879
-290.99
-290.977
-290.84
-290.579
-290.193
-289.683
-289.05
-288.292
-287.412
-286.408
-285.282
-284.034
-282.664
-281.173
-279.562
-277.831
-275.98
-274.012
-271.925
-269.722
-267.404
-264.97
-262.422
-259.761
-256.988
-254.105
-251.111
-248.01
-244.801
-241.486
-238.067
-234.544
-230.92
-227.195
-223.372
-219.451
-215.434
-211.323
-207.12
-202.826
-198.442
-193.971
-189.415
-184.775
-180.053
-175.251
-170.371
-165.414
-160.384
-155.281
-150.109
-144.868
-139.561
-134.191
-128.759
-123.267
-117.718
-112.114
-106.457
-100.749
-94.9936
-89.1918
-83.3463
-77.4595
-71.5337
-65.5713
-59.5747
-53.5462
-47.4883
-41.4034
-35.294
-29.1625
-23.0112
-16.8428
-10.6597
-4.46425
1.74096
7.95347
14.1708
20.3905
26.61
32.8268
39.0385
45.2427
51.4367
57.6181
63.7845
69.9334
76.0623
82.1688
88.2504
94.3047
100.329
106.322
112.28
118.201
124.083
129.923
135.719
141.469
147.17
152.82
158.418
163.96
169.444
174.868
180.231
185.53
190.762
195.926
201.02
206.041
210.988
215.858
220.65
225.362
229.992
234.537
238.997
243.37
247.653
251.844
255.944
259.948
263.857
267.668
271.381
274.992
278.502
281.908
285.21
288.405
291.493
294.473
297.342
300.101
302.748
305.281
307.701
310.005
312.194
314.265
316.219
318.055
319.771
321.367
322.843
324.197
325.43
326.541
327.529
328.394
329.136
329.754
330.248
330.618
330.864
330.986
330.983
330.856
330.604
330.228
329.728
329.105
328.357
327.486
326.493
325.376
324.138
322.778
321.296
319.695
317.973
316.132
314.173
312.096
309.902
307.592
305.168
302.629
299.977
297.213
294.338
291.354
288.261
285.06
281.754
278.343
274.829
271.212
267.496
263.68
259.767
255.757
251.654
247.458
243.171
238.794
234.331
229.781
225.147
220.432
215.636
210.762
205.812
200.787
195.69
190.523
185.288
179.986
174.621
169.193
163.706
158.162
152.562
146.909
141.206
135.454
129.655
123.813
117.93
112.007
106.047
100.053
94.0274
87.9717
81.8889
75.7814
69.6515
63.5017
57.3346
51.1525
44.958
38.7535
32.5415
26.3244
20.1049
13.8853
7.6681
1.45587
-4.74894
-10.9439
-17.1264
-23.2941
-29.4444
-35.575
-41.6834
-47.7671
-53.8237
-59.8507
-65.8458
-71.8066
-77.7307
-83.6156
-89.4591
-95.2589
-101.013
-106.718
-112.372
-117.974
-123.52
-129.009
-134.439
-139.806
-145.11
-150.348
-155.517
-160.617
-165.644
-170.596
-175.473
-180.271
-184.99
-189.626
-194.179
-198.645
-203.025
-207.315
-211.514
-215.621
-219.633
-223.549
-227.369
-231.089
-234.708
-238.226
-241.641
-244.951
-248.155
-251.251
-254.239
-257.118
-259.886
-262.541
-265.084
-267.513
-269.826
-272.024
-274.105
-276.068
-277.913
-279.639
-281.244
-282.73
-284.094
-285.337
-286.457
-287.455
-288.33
-289.081
-289.709
-290.214
-290.594
-290.849
-290.981
-290.988
-290.87
-290.629
-290.263
-289.773
-289.159
-288.421
-287.56
-286.576
-285.47
-284.241
-282.89
-281.419
-279.827
-278.114
-276.283
-274.333
-272.266
-270.081
-267.781
-265.365
-262.835
-260.192
-257.437
-254.571
-251.595
-248.511
-245.319
-242.021
-238.619
-235.112
-231.504
-227.795
-223.987
-220.082
-216.08
-211.984
-207.795
-203.515
-199.146
-194.689
-190.146
-185.519
-180.81
-176.021
-171.153
-166.209
-161.19
-156.099
-150.937
-145.707
-140.411
-135.05
-129.628
-124.145
-118.605
-113.01
-107.361
-101.662
-95.9134
-90.1188
-84.2801
-78.3997
-72.48
-66.5232
-60.5319
-54.5084
-48.455
-42.3743
-36.2686
-30.1404
-23.9921
-17.8263
-11.6453
-5.45168
